0.0 9.999999999999992E-21 0.0
0.003 0.013084967226052886 0.013089999999999992
0.006 0.026159931115625073 0.026154099999999986
0.009 0.039224888941874134 0.03925769999999998
0.012 0.052279832350916516 0.05227499999999997
0.015 0.06532474734028769 0.06542969999999997
0.018 0.07835961422433863 0.07835169999999995
0.021 0.09138440758638114 0.09144889999999994
0.024 0.10439909621732907 0.10442909999999994
0.027 0.11740364304050922 0.11749379999999993
0.03 0.13039800502224214 0.13053159999999991
0.033 0.14338213306771588 0.14354909999999993
0.036 0.1563559719015932 0.1563625999999999
0.039 0.16931945993270503 0.1694516999999999
0.042 0.18227252910208896 0.1823440999999999
0.045 0.1952151047135333 0.19551099999999988
0.048 0.20814710524567254 0.2082977999999999
0.051 0.22106844214457005 0.22110659999999988
0.054 0.23397901959558365 0.23380609999999988
0.057 0.24687873427318113 0.24702169999999984
0.06 0.2597674750672017 0.25959659999999984
0.063 0.27264512278390296 0.27237699999999987
0.066 0.28551154981993077 0.28544729999999985
0.069 0.2983666198071435 0.2983126999999998
0.072 0.3112101872259911 0.31159289999999984
0.075 0.32404209698487596 0.3239239999999998
0.078 0.3368621839626434 0.3368252999999998
0.081 0.3496702725110128 0.3497433999999998
0.084 0.3624661759133923 0.3621927999999998
0.087 0.37524969579610895 0.3753608999999998
0.09 0.3880206214876116 0.3880188999999998
0.093 0.40077872932068115 0.4006673999999998
0.096 0.4135237818720713 0.4137188999999998
0.099 0.42625552713333387 0.4262108999999998
0.102 0.4389736976057939 0.43900149999999977
0.105 0.45167800931175633 0.45166259999999975
0.108 0.46436816071301534 0.4644913999999997
0.111 0.4770438315265646 0.47732579999999974
0.114 0.4897046814260849 0.4898507999999997
0.117 0.5023503486162253 0.5023347999999997
0.12 0.5149804482649262 0.5147377999999997
0.123 0.5275945707769768 0.5276015999999997
0.126 0.540192279889585 0.5398785999999997
0.129 0.5527731105679758 0.5527833999999997
0.132 0.5653365666757608 0.5652510999999997
0.135 0.5778821183910142 0.5779704999999997
0.138 0.5904091993345212 0.5906620999999996
0.141 0.6029172033713688 0.6030318999999996
0.144 0.6154054810408269 0.6151877999999996
0.147 0.6278733355620529 0.6278267999999997
0.15 0.640320018354334 0.6403480999999996
0.153 0.6527447240000676 0.6527727999999996
0.156 0.6651465845660073 0.6651264999999996
0.159 0.6775246631831262 0.6776079999999997
0.162 0.6898779467670004 0.6897540999999996
0.165 0.7022053377382799 0.7020968999999996
0.168 0.7145056445755167 0.7145556999999996
0.171 0.7267775709991614 0.7267466999999996
0.174 0.7390197035442984 0.7391915999999996
0.177 0.751230497228597 0.7516029999999996
0.18 0.7634082589582915 0.7630784999999995
0.183 0.7755511282351708 0.7755580999999996
0.186 0.7876570546268906 0.7879773999999995
0.189 0.7997237713349368 0.7996496999999996
0.192 0.8117487640307928 0.8120573999999995
0.195 0.8237292339193213 0.8237775999999996
0.198 0.8356620537124932 0.8353940999999995
0.201 0.8475437148323112 0.8480906999999995
0.204 0.8593702636728936 0.8592889999999995
0.207 0.87113722407892 0.8714136999999995
0.21 0.8828395022304933 0.8828033999999995
0.213 0.894471268604074 0.8945893999999995
0.216 0.9060258087714829 0.9060757999999994
0.219 0.9174953266324769 0.9179543999999995
0.222 0.9288706504183573 0.9286511999999995
0.225 0.9401408925151599 0.9398646999999994
0.228 0.9512935360459479 0.9512210999999995
0.231 0.9547472110884678 0.9545212999999995
0.234 0.9531521219376236 0.9535998999999995
0.237 0.951429586491139 0.9515183999999994
0.24 0.9495577694178492 0.9497441999999995
0.243 0.9475091482249954 0.9475673999999995
0.246 0.945248465749843 0.9455191999999994
0.249 0.9427297246497227 0.9430505999999994
0.252 0.9398916601234304 0.9400743999999994
0.255 0.936650722920782 0.9366923999999994
0.258 0.9328898523079001 0.9324037999999994
0.261 0.9284398633555808 0.9285463999999994
0.264 0.9230473356762947 0.9225398999999995
0.267 0.9163166777843907 0.9160568999999995
0.27 0.907600208756947 0.9074365999999995
0.273 0.8957775756069897 0.8958601999999994
0.276 0.8787851026589252 0.8791189999999995
0.279 0.8525468571829657 0.8526337999999996
0.282 0.8084274449352877 0.8092206999999996
0.285 0.7273349908783873 0.7278772999999996
0.288 0.5714008435261769 0.5715476999999997
0.291 0.3209911653909555 0.3208758999999998
0.294 0.16336333972757927 0.1632968999999999
0.297 0.24934611592116315 0.24968229999999986
0.3 0.36846472305713773 0.3684896999999998
0.303 0.42571084499190415 0.42570199999999975
0.306 0.42726516570769735 0.42715839999999977
0.309 0.38549628594979113 0.3858047999999998
0.312 0.30786786650762266 0.3076574999999998
0.315 0.20475985394025717 0.20494129999999988
0.318 0.10099334777273573 0.10112699999999994
0.321 0.039125422174210445 0.039180399999999976
0.324 0.05453934974230912 0.05461009999999997
0.327 0.14029321129140954 0.14013899999999993
0.33 0.2563988987069192 0.25618549999999984
0.333 0.36780177335041675 0.36751149999999977
0.336 0.4593223643761871 0.45934539999999974
0.339 0.5291368691409459 0.5292280999999996
0.342 0.5804416882254546 0.5806508999999996
0.345 0.6172295561040982 0.6175106999999996
0.348 0.6428828494335991 0.6428893999999996
0.351 0.6599306419109683 0.6597518999999996
0.354 0.6701603501589712 0.6703522999999996
0.357 0.6747896830292004 0.6744422999999996
0.36 0.6746140689408637 0.6745239999999996
0.363 0.6701154375051119 0.6695303999999996
0.366 0.6615380979372966 0.6614301999999996
0.369 0.6489410734198204 0.6489051999999996
0.372 0.6322356555124298 0.6322517999999996
0.375 0.6112159871280767 0.6116522999999996
0.378 0.5855902618269985 0.5852997999999997
0.381 0.5550208050555734 0.5550838999999996
0.384 0.5191825582686131 0.5188786999999997
0.387 0.47785036340241444 0.4774459999999997
0.39 0.43102389562072385 0.43123239999999974
0.393 0.37909156753550644 0.3795066999999998
0.396 0.32301671635923496 0.32308459999999983
0.399 0.26449862056892687 0.26426039999999984
0.402 0.2060246284499928 0.20577379999999987
0.405 0.15071280250189564 0.15065079999999992
0.408 0.1018852588346097 0.10177619999999994
0.411 0.062429699290128704 0.06244539999999996
0.414 0.034152320062198996 0.03410809999999998
0.417 0.017386705582266432 0.01740649999999999
0.42 0.01102133068132024 0.011039699999999994
0.423 0.012900306155291745 0.012898799999999993
0.426 0.0203918136835875 0.020388799999999988
0.429 0.03090366190046673 0.030907599999999983
0.432 0.04222156064095322 0.04217989999999998
0.435 0.05265721707782859 0.05265099999999997
0.438 0.06105802331605671 0.061150399999999966
0.441 0.06674318016528465 0.06669739999999996
0.444 0.06941586618559942 0.06954629999999996
0.447 0.06907942268918936 0.06895789999999996
0.45 0.0659682967707941 0.06609109999999996
0.453 0.060493989264412344 0.06045189999999997
0.456 0.0532012084100825 0.05322519999999997
0.459 0.04472798768799505 0.04472079999999998
0.462 0.035764367546425604 0.03584609999999998
0.465 0.0270065868515054 0.027052799999999984
0.468 0.019106990089855988 0.019161999999999988
0.471 0.012623296960849 0.012608299999999992
0.474 0.007973533768303242 0.007980799999999996
0.477 0.005403818693896122 0.005419699999999997
0.48 0.004974798408942819 0.004962999999999997
0.483 0.006569147691657669 0.006555099999999996
0.486 0.009918281958789646 0.009940999999999995
0.489 0.01464276106919573 0.014658699999999992
0.492 0.02029892330335374 0.02029409999999999
0.495 0.026424430258342173 0.026348299999999984
0.498 0.03257717164973209 0.03251819999999998
0.501 0.03836448327533271 0.03831999999999998
0.504 0.0434620071076168 0.04353239999999998
0.507 0.047623230647209636 0.04756819999999997
0.51 0.05068162953745371 0.05068829999999997
0.513 0.05254752721877031 0.05268159999999997
0.516 0.05320152457223102 0.05319659999999997
0.519 0.05268588813831434 0.05260939999999997
0.522 0.05109480344494812 0.05112499999999997
0.525 0.04856401130654448 0.04853929999999997
0.528 0.04526009767331171 0.045312599999999974
0.531 0.04136960517694339 0.04133249999999997
0.534 0.03708815177255727 0.03713929999999998
0.537 0.03260983640320765 0.032681099999999984
0.54 0.028117332375009265 0.028164299999999982
0.543 0.02377316482153823 0.023794199999999988
0.546 0.01971269684496478 0.019719299999999988
0.549 0.016039285067270058 0.01601329999999999
0.552 0.012821908714851983 0.012817199999999992
0.555 0.010095350618366923 0.010058499999999995
0.558 0.007862755258155414 0.007880699999999996
0.561 0.006100156289928087 0.006105399999999996
0.564 0.00476239534634968 0.004778699999999997
0.567 0.003789770187628742 0.0037835999999999976
0.57 0.003114757581155328 0.003117599999999998
0.573 0.0026682403454671233 0.0026651999999999986
0.576 0.0023848030194442683 0.0023669999999999984
0.579 0.0022068176743926743 0.0022090999999999986
0.582 0.0020871953138593517 0.002104599999999999
0.585 0.0019908116765907694 0.0019956999999999987
0.588 0.001894720189533679 0.0019093999999999988
0.591 0.001787337488603438 0.001796399999999999
0.594 0.0016668310206166398 0.001634499999999999
0.597 0.0015389584090238736 0.0015251999999999991
0.6 0.0014146092591866602 0.0014302999999999992
0.603 0.0013072858017130556 0.0012912999999999993
0.606 0.0012307321540313545 0.0012350999999999994
0.609 0.001196885366310172 0.0011861999999999992
0.612 0.001214277144249159 0.0012245999999999993
0.615 0.001286965996723833 0.0012662999999999993
0.618 0.0014140289449349507 0.0014212999999999993
0.621 0.0015895936873043502 0.0015802999999999991
0.624 0.0018033500523293696 0.001801799999999999
0.627 0.0020414469077957662 0.002068099999999999
0.63 0.0022876595510102314 0.0023122999999999985
0.633 0.0025247037149661047 0.0025051999999999987
0.636 0.0027355750205068164 0.0027684999999999984
0.639 0.0029048051543375986 0.0029067999999999984
0.642 0.0030195456778271666 0.003021999999999998
0.645 0.003070414309635998 0.003102999999999998
0.648 0.003052064044259439 0.0030782999999999982
0.651 0.002963460256897792 0.0029747999999999984
0.654 0.002807873254931898 0.0028000999999999985
0.657 0.0025926123982359735 0.0025994999999999985
0.66 0.002328542260870043 0.0023223999999999988
0.663 0.002029431077271979 0.002015299999999999
0.666 0.001711186928327657 0.001715199999999999
0.669 0.0013910380105659871 0.0014007999999999991
0.672 0.001086710300495687 0.0010767999999999993
0.675 8.156495387583604E-4 8.093999999999995E-4
0.678 5.94325432519497E-4 5.972999999999996E-4
0.681 4.376451687282077E-4 4.3889999999999977E-4
0.684 3.5849171249979626E-4 3.538999999999998E-4
0.687 3.6739094612890075E-4 3.610999999999998E-4
0.69 4.723014573091113E-4 4.6019999999999975E-4
0.693 6.785125466517386E-4 6.638999999999996E-4
0.696 9.886304067720252E-4 9.869999999999994E-4
0.699 0.0014026297500913725 0.0014041999999999991
0.702 0.0019179484312144641 0.0019159999999999989
0.705 0.002529605511810641 0.0025280999999999984
0.708 0.0032303281763989915 0.0032411999999999983
0.711 0.004010679163585445 0.004019699999999998
0.714 0.004859183073181063 0.004838799999999997
0.717 0.005762456195449477 0.005764699999999997
0.72 0.006705349633072283 0.006685999999999996
0.723 0.007671118871383449 0.007636699999999995
0.726 0.008641634244623862 0.008660999999999995
0.729 0.00959764583936439 0.009511599999999995
0.732 0.010519113405866646 0.010525799999999993
0.735 0.011385607157169658 0.011445599999999993
0.738 0.012176779421159845 0.012255999999999993
0.741 0.012872900556484025 0.012888599999999993
0.744 0.013455445948828212 0.013487599999999992
0.747 0.013907714822548795 0.013886799999999993
0.75 0.014215456491994235 0.014228099999999992
0.753 0.01436747587419858 0.014358199999999991
0.756 0.014356187802746778 0.014359999999999993
0.759 0.014178089025966366 0.014211699999999992
0.762 0.013834117766285585 0.013832199999999992
0.765 0.013329873339398519 0.013347199999999993
0.768 0.012675672538184067 0.012628599999999993
0.771 0.011886425223436942 0.011916399999999994
0.774 0.01098131875980512 0.011002799999999993
0.777 0.00998330947421319 0.010022299999999994
0.78 0.008918428992299342 0.008975199999999996
0.783 0.007814923790564227 0.007838699999999995
0.786 0.0067022570834672605 0.006712299999999997
0.789 0.005610012559063771 0.005631799999999997
0.792 0.00456674863869125 0.004540599999999997
0.795 0.0035988589285682656 0.003594799999999998
0.798 0.0027294984333710443 0.0027269999999999985
0.801 0.0019776351471872916 0.0019612999999999987
0.804 0.0013572823561954109 0.0013741999999999993
0.807 8.769583279129534E-4 8.876999999999995E-4
0.81 5.3940745661749E-4 5.408999999999996E-4
0.813 3.416012940113001E-4 3.391999999999998E-4
0.816 2.7502051762209005E-4 2.715999999999998E-4
0.819 3.2620130500301186E-4 3.258999999999998E-4
0.822 4.775133436678623E-4 4.6839999999999973E-4
0.825 7.081231873423608E-4 6.956999999999996E-4
0.828 9.950868867658804E-4 9.765999999999993E-4
0.831 0.0013145103356646073 0.0013049999999999993
0.834 0.0016427146520357565 0.001648799999999999
0.837 0.00195734680207435 0.0019407999999999988
0.84 0.002238381890103234 0.002266299999999999
0.843 0.002468972227099237 0.0024869999999999988
0.846 0.00263610856221795 0.0026318999999999987
0.849 0.0027310699058561054 0.0027277999999999985
0.852 0.002749649532281804 0.0027578999999999985
0.855 0.002692155546672652 0.0027004999999999985
0.858 0.002563194520108229 0.0025564999999999984
0.861 0.002371255938001203 0.0023817999999999986
0.864 0.002128123431431987 0.0021236999999999988
0.867 0.0018481458267467499 0.0018347999999999988
0.87 0.0015474067777845257 0.001545399999999999
0.873 0.0012428359057695879 0.0012419999999999992
0.876 9.513066953889415E-4 9.367999999999995E-4
0.879 6.887666170534107E-4 6.839999999999996E-4
0.882 4.6944286314116665E-4 4.611999999999997E-4
0.885 3.05162625418781E-4 3.072999999999998E-4
0.888 2.0482010783124657E-4 2.105999999999999E-4
0.891 1.740137802641924E-4 1.6829999999999992E-4
0.894 2.1486725936292476E-4 2.1739999999999986E-4
0.897 3.260363456636029E-4 3.2979999999999983E-4
0.9 5.028939447733521E-4 5.130999999999997E-4
0.903 7.378746562398183E-4 7.476999999999996E-4
0.906 0.0010209524453879564 0.0010395999999999995
0.909 0.0013402185746569347 0.0013442999999999992
0.912 0.001682523196706625 0.001698499999999999
0.915 0.0020341427965626714 0.0020289999999999987
0.918 0.002381436882013841 0.0023931999999999985
0.921 0.0027114606419484442 0.0027339999999999986
0.924 0.0030125052754746123 0.0030045999999999983
0.927 0.00327454383159809 0.0032644999999999983
0.93 0.0034895671769755864 0.003482599999999998
0.933 0.003651801656866025 0.003675699999999998
0.936 0.003757806731959176 0.003726299999999998
0.939 0.0038064570447804025 0.003795299999999998
0.942 0.0037988187595031334 0.003825899999999998
0.945 0.00373793446608142 0.0037307999999999977
0.948 0.003628534340175434 0.003634799999999998
0.951 0.003476693547201292 0.003491699999999998
0.954 0.0032894570524854036 0.003291499999999998
0.957 0.003074453064677203 0.0030985999999999982
0.96 0.0028395153461145514 0.0028415999999999984
0.963 0.002592332660177504 0.0026017999999999983
0.966 0.002340140822139019 0.002312599999999999
0.969 0.002089469349542207 0.002090899999999999
0.972 0.001845950782093708 0.001862299999999999
0.975 0.0016141965998326163 0.001618499999999999
0.978 0.0013977395663092407 0.0013930999999999991
0.981 0.0011990385107730106 0.0012050999999999993
0.984 0.0010195382658964567 0.0010338999999999995
0.987 8.597748789756624E-4 8.354999999999995E-4
0.99 7.195144418524126E-4 7.224999999999996E-4
0.993 5.979129998237084E-4 6.125999999999996E-4
0.996 4.936849973160722E-4 4.972999999999997E-4
0.999 4.0526853030715157E-4 3.9599999999999976E-4
1.002 3.3097718189469786E-4 3.375999999999998E-4
1.005 2.69130258391328E-4 2.5469999999999985E-4
1.008 2.1815563546257453E-4 2.1879999999999987E-4
1.011 1.7666197542607888E-4 1.766999999999999E-4
1.014 1.4347960209435545E-4 1.432999999999999E-4
1.017 1.1767165054889922E-4 1.2329999999999993E-4
1.02 9.851910521362125E-5 9.899999999999994E-5
1.023 8.548489347069046E-5 8.309999999999995E-5
1.026 7.816324426918241E-5 7.869999999999996E-5
1.029 7.62210210754984E-5 7.249999999999996E-5
1.032 7.933770353912191E-5 8.209999999999995E-5
1.035 8.715016503759967E-5 9.009999999999995E-5
1.038 9.920744693613728E-5 1.0169999999999994E-4
1.041 1.1493946218704026E-4 1.1019999999999994E-4
1.044 1.336420844983342E-4 1.2879999999999993E-4
1.047 1.5447951633493353E-4 1.588999999999999E-4
1.05 1.7650330017150058E-4 1.757999999999999E-4
1.053 1.986859539536875E-4 2.0209999999999987E-4
1.056 2.1996606795815873E-4 2.128999999999999E-4
1.059 2.3930086760324813E-4 2.4009999999999987E-4
1.062 2.557217698698253E-4 2.5929999999999985E-4
1.065 2.6838835594560463E-4 2.6429999999999986E-4
1.068 2.766364376082883E-4 2.715999999999998E-4
1.071 2.800164723491284E-4 2.7559999999999987E-4
1.074 2.783194236575058E-4 2.7529999999999986E-4
1.077 2.715881936610719E-4 2.7469999999999985E-4
1.08 2.601138910030197E-4 2.6859999999999986E-4
1.083 2.4441734943033284E-4 2.4769999999999984E-4
1.086 2.2521739662313285E-4 2.2669999999999987E-4
1.089 2.0338831108185565E-4 2.0349999999999988E-4
1.092 1.799096332490237E-4 1.785999999999999E-4
1.095 1.558119682933729E-4 1.575999999999999E-4
1.098 1.3212260464710043E-4 1.3399999999999992E-4
1.101 1.0981466812583133E-4 1.1069999999999994E-4
1.104 8.976315111963352E-5 9.119999999999995E-5
1.107 7.271053456140851E-5 7.309999999999996E-5
1.11 5.9243908833004935E-5 6.0399999999999964E-5
1.113 4.978456320319646E-5 4.6699999999999976E-5
1.116 4.459002469968148E-5 4.2999999999999975E-5
1.119 4.376756204772562E-5 4.2399999999999974E-5
1.122 4.729730101828367E-5 4.649999999999997E-5
1.125 5.5062388441233866E-5 5.6299999999999966E-5
1.128 6.68831445338694E-5 6.809999999999996E-5
1.131 8.255189187281955E-5 8.379999999999995E-5
1.134 1.0186516041407253E-4 1.0419999999999994E-4
1.137 1.246502380872357E-4 1.2389999999999992E-4
1.14 1.507835434716109E-4 1.513999999999999E-4
1.143 1.801990018165833E-4 1.748999999999999E-4
1.146 2.1288545522945863E-4 2.095999999999999E-4
1.149 2.4887306923073723E-4 2.4669999999999987E-4
1.152 2.882096424814451E-4 2.9519999999999986E-4
1.155 3.3092861483753627E-4 3.301999999999998E-4
1.158 3.7701133533034684E-4 3.8679999999999975E-4
1.161 4.263467388385766E-4 4.2819999999999973E-4
1.164 4.786919429715863E-4 4.745999999999997E-4
1.167 5.336373852970973E-4 5.381999999999996E-4
1.17 5.905799633893287E-4 5.985999999999997E-4
1.173 6.487072227236168E-4 6.622999999999997E-4
1.176 7.069949850001226E-4 7.035999999999996E-4
1.179 7.642199635578154E-4 7.709999999999996E-4
1.182 8.189879285131658E-4 8.238999999999995E-4
1.185 8.697769274818037E-4 8.694999999999995E-4
1.188 9.14994008915886E-4 9.154999999999994E-4
1.191 9.530429053146528E-4 9.484999999999995E-4
1.194 9.823992793943088E-4 9.760999999999994E-4
1.197 0.0010016894753701955 0.0010030999999999994
1.2 0.0010097682948100278 0.0010083999999999994
1.203 0.00100579116187652 0.0010063999999999995
1.206 9.89276169302472E-4 9.915999999999994E-4
1.209 9.601519001880316E-4 9.422999999999994E-4
1.212 9.187875813421988E-4 9.217999999999994E-4
1.215 8.660030061820884E-4 8.678999999999995E-4
1.218 8.030567211997183E-4 8.158999999999995E-4
1.221 7.316121417010018E-4 7.410999999999995E-4
1.224 6.536824848556995E-4 6.593999999999997E-4
1.227 5.715566122441689E-4 5.660999999999997E-4
1.23 4.877089909187238E-4 4.969999999999997E-4
1.233 4.0469794568814463E-4 4.0229999999999975E-4
1.236 3.2505712701297367E-4 3.219999999999998E-4
1.239 2.51185610212711E-4 2.5279999999999986E-4
1.242 1.8524223808003243E-4 1.876999999999999E-4
1.245 1.290497024422548E-4 1.2989999999999993E-4
1.248 8.401343110807113E-5 8.989999999999995E-5
1.251 5.1059624596470675E-5 5.2699999999999966E-5
1.254 3.059581033883474E-5 2.7699999999999986E-5
1.257 2.2496105631480796E-5 2.1199999999999987E-5
1.26 2.611207278372048E-5 2.4499999999999986E-5
1.263 4.0308687753447753E-5 3.949999999999998E-5
1.266 6.35236076952234E-5 6.329999999999997E-5
1.269 9.384669176394235E-5 9.429999999999995E-5
1.272 1.2911567421976632E-4 1.3499999999999992E-4
1.275 1.670230681896237E-4 1.700999999999999E-4
1.278 2.0522883544666024E-4 2.1049999999999989E-4
1.281 2.4147311744035778E-4 2.3839999999999986E-4
1.284 2.7368339206535196E-4 2.6989999999999984E-4
1.287 3.0007078779570583E-4 3.0169999999999985E-4
1.29 3.1921092409867714E-4 3.1909999999999984E-4
1.293 3.3010551312984983E-4 3.461999999999998E-4
1.296 3.3222200078348766E-4 3.314999999999998E-4
1.299 3.255096862895191E-4 3.3219999999999983E-4
1.302 3.1039197598498996E-4 3.170999999999998E-4
1.305 2.877356352672957E-4 2.8839999999999985E-4
1.308 2.5879904192960973E-4 2.5609999999999983E-4
1.311 2.2516245781332048E-4 2.2419999999999987E-4
1.314 1.8864417492579959E-4 1.886999999999999E-4
1.317 1.512070171075802E-4 1.511999999999999E-4
1.32 1.1486006034819798E-4 1.1129999999999994E-4
1.323 8.156055787982071E-5 8.149999999999995E-5
1.326 5.3120917725223865E-5 5.529999999999997E-5
1.329 3.112519190853958E-5 3.209999999999998E-5
1.332 1.6858923129382092E-5 1.739999999999999E-5
1.335 1.1255393866187854E-5 9.799999999999994E-6
1.338 1.4860382509983257E-5 1.3399999999999992E-5
1.341 2.7816506696410018E-5 2.4399999999999987E-5
1.344 4.986718506103365E-5 5.329999999999997E-5
1.347 8.037923503190015E-5 8.169999999999995E-5
1.35 1.1838220223587634E-4 1.1629999999999993E-4
1.353 1.62621735680136E-4 1.700999999999999E-4
1.356 2.1162372092776044E-4 2.094999999999999E-4
1.359 2.63765487501141E-4 2.6899999999999987E-4
1.362 3.1735022965364353E-4 3.130999999999998E-4
1.365 3.706808206851321E-4 3.771999999999998E-4
1.368 4.22129446490328E-4 4.1739999999999974E-4
1.371 4.701999091256011E-4 4.6639999999999974E-4
1.374 5.13580021968098E-4 5.126999999999997E-4
1.377 5.511821942756465E-4 5.540999999999996E-4
1.38 5.82171040827337E-4 5.754999999999996E-4
1.383 6.059776072212231E-4 6.105999999999997E-4
1.386 6.223005304625324E-4 6.096999999999997E-4
1.389 6.310951188241927E-4 6.251999999999997E-4
1.392 6.325519015810051E-4 6.390999999999997E-4
1.395 6.270666423700799E-4 6.217999999999996E-4
1.398 6.152041121421853E-4 6.126999999999997E-4
1.401 5.976580702603019E-4 6.176999999999997E-4
1.404 5.752099054614529E-4 5.742999999999997E-4
1.407 5.486882508115767E-4 5.432999999999997E-4
1.41 5.189316248183776E-4 5.172999999999997E-4
1.413 4.867557873852609E-4 4.8029999999999975E-4
1.416 4.529270620806357E-4 4.4399999999999973E-4
1.419 4.181423961890094E-4 4.1729999999999973E-4
1.422 3.8301643926876824E-4 3.8709999999999976E-4
1.425 3.480754506885162E-4 3.418999999999998E-4
1.428 3.137574252767809E-4 3.1679999999999984E-4
1.431 2.804174777526132E-4 2.7519999999999986E-4
1.434 2.4833726912014306E-4 2.4969999999999984E-4
1.437 2.177371030442493E-4 2.2729999999999986E-4
1.44 1.8878927147989707E-4 1.940999999999999E-4
1.443 1.6163128342065118E-4 1.612999999999999E-4
1.446 1.363777588027823E-4 1.3629999999999992E-4
1.449 1.1312999584711626E-4 1.0959999999999994E-4
1.452 9.198250447216502E-5 9.749999999999994E-5
1.455 7.302611792423463E-5 7.089999999999996E-5
1.458 5.634762516909484E-5 5.839999999999997E-5
1.461 4.2026183907967645E-5 4.229999999999998E-5
1.464 3.012705622903276E-5 3.0199999999999982E-5
1.467 2.0693437053753008E-5 2.0499999999999987E-5
1.47 1.3737305243296159E-5 1.2499999999999992E-5
1.473 9.23030925156454E-6 9.099999999999994E-6
1.476 7.095699959341125E-6 7.799999999999995E-6
1.479 7.202244936067694E-6 4.699999999999997E-6
1.482 9.36090841608747E-6 1.0699999999999994E-5
1.485 1.3324872081274151E-5 1.5299999999999992E-5
1.488 1.8793219466961414E-5 2.0499999999999987E-5
1.491 2.5418330236709018E-5 2.7099999999999984E-5
1.494 3.281674977630842E-5 3.809999999999998E-5
1.497 4.058303450629683E-5 3.919999999999998E-5
1.5 4.830584251289802E-5 4.619999999999997E-5
1.503 5.5585358380262875E-5 5.079999999999997E-5
1.506 6.205102261835977E-5 6.259999999999996E-5
1.509 6.737848755510095E-5 6.559999999999997E-5
1.512 7.130474590442993E-5 7.419999999999996E-5
1.515 7.364047342945954E-5 7.339999999999995E-5
1.518 7.427878651295654E-5 7.329999999999995E-5
1.521 7.31998282060801E-5 7.459999999999996E-5
1.524 7.047084826793447E-5 7.379999999999996E-5
1.527 6.624171725749785E-5 6.679999999999996E-5
1.53 6.0736094024369836E-5 5.949999999999997E-5
1.533 5.4238731949766915E-5 5.6299999999999966E-5
1.536 4.7079644996482095E-5 4.5499999999999974E-5
1.539 3.9616045081108505E-5 4.2199999999999975E-5
1.542 3.2213095518510735E-5 2.8099999999999985E-5
1.545 2.522459306649135E-5 2.4899999999999985E-5
1.548 1.8974689403829442E-5 1.809999999999999E-5
1.551 1.37416921517021E-5 1.4199999999999991E-5
1.554 9.744850651987987E-6 9.099999999999994E-6
1.557 7.134841577649199E-6 7.1999999999999954E-6
1.56 5.988436483231986E-6 6.099999999999997E-6
1.563 6.307572677231208E-6 6.1999999999999965E-6
1.566 8.022777044250208E-6 8.899999999999994E-6
1.569 1.1000626956973516E-5 1.1899999999999993E-5
1.572 1.5054689921495834E-5 1.5699999999999992E-5
1.575 1.9959179173930643E-5 2.019999999999999E-5
1.578 2.5464408567781606E-5 2.6599999999999986E-5
1.581 3.131303586518565E-5 3.099999999999998E-5
1.584 3.725605416915146E-5 3.849999999999998E-5
1.587 4.306752772954077E-5 4.4099999999999974E-5
1.59 4.855716757160015E-5 4.7999999999999974E-5
1.593 5.357999727407055E-5 5.169999999999997E-5
1.596 5.8042559309214534E-5 6.199999999999996E-5
1.599 6.190534449919927E-5 6.479999999999996E-5
1.602 6.518137635538436E-5 6.229999999999997E-5
1.605 6.79311324745742E-5 6.629999999999996E-5
1.608 7.025422099495023E-5 7.059999999999995E-5
1.611 7.227843665824751E-5 6.619999999999996E-5
1.614 7.41469855374475E-5 7.459999999999996E-5
1.617 7.600477995290124E-5 7.509999999999996E-5
1.62 7.798475882025054E-5 7.549999999999995E-5
1.623 8.01951806768383E-5 8.199999999999995E-5
1.626 8.270876782918116E-5 8.489999999999995E-5
1.629 8.555445516938717E-5 7.739999999999996E-5
1.632 8.871232443850548E-5 8.509999999999995E-5
1.635 9.211209524411297E-5 9.629999999999994E-5
1.638 9.563531138850042E-5 9.809999999999995E-5
1.641 9.912111983427108E-5 1.0589999999999994E-4
1.644 1.0237530516672466E-4 1.0859999999999994E-4
1.647 1.0518202942248418E-4 1.1459999999999994E-4
1.65 1.073175489087396E-4 1.0879999999999993E-4
1.653 1.0856504714418629E-4 1.1029999999999993E-4
1.656 1.0872964438783387E-4 1.0719999999999994E-4
1.659 1.0765262407973646E-4 1.1189999999999994E-4
1.662 1.0522395595013001E-4 1.0479999999999995E-4
1.665 1.0139229196412125E-4 1.0069999999999994E-4
1.668 9.617175861206917E-5 9.509999999999994E-5
1.671 8.96450582462163E-5 8.519999999999996E-5
1.674 8.196261165637015E-5 7.789999999999996E-5
1.677 7.333771057868279E-5 7.519999999999996E-5
1.68 6.403788810624207E-5 6.699999999999996E-5
1.683 5.437294268416171E-5 5.149999999999997E-5
1.686 4.468025393937062E-5 4.059999999999998E-5
1.689 3.5308193971184616E-5 3.559999999999998E-5
1.692 2.6598556113377646E-5 2.4599999999999985E-5
1.695 1.886898758776179E-5 1.949999999999999E-5
1.698 1.2396419143243606E-5 1.3299999999999993E-5
1.701 7.402433394529704E-6 6.899999999999996E-6
1.704 4.041407276881982E-6 3.399999999999998E-6
1.707 2.3921092124236146E-6 2.8999999999999985E-6
1.71 2.4532374967773905E-6 1.7999999999999989E-6
1.713 4.143164610890661E-6 4.399999999999998E-6
1.716 7.303915766730188E-6 8.299999999999995E-6
1.719 1.1709172899510165E-5 1.0599999999999993E-5
1.722 1.7075871331142903E-5 1.799999999999999E-5
1.725 2.307875833594185E-5 2.1499999999999987E-5
1.728 2.936712203720756E-5 2.8599999999999984E-5
1.731 3.558278431162318E-5 3.7199999999999976E-5
1.734 4.137838870868684E-5 4.199999999999998E-5
1.737 4.64350067040347E-5 4.399999999999997E-5
1.74 5.0478132558472866E-5 4.919999999999997E-5
1.743 5.329123516179589E-5 5.669999999999997E-5
1.746 5.472617814102885E-5 5.509999999999997E-5
1.749 5.470999840641923E-5 5.589999999999997E-5
1.752 5.324773751643088E-5 5.249999999999997E-5
1.755 5.042123785859976E-5 5.299999999999997E-5
1.758 4.638403423357929E-5 4.819999999999997E-5
1.761 4.1352678749721175E-5 4.1899999999999975E-5
1.764 3.559502161222896E-5 3.739999999999998E-5
1.767 2.9416122547584176E-5 2.8899999999999984E-5
1.77 2.3142579391586642E-5 2.1899999999999987E-5
1.773 1.7106126373449728E-5 1.709999999999999E-5
1.776 1.1627372139526116E-5 1.1599999999999994E-5
1.779 7.000516684577258E-6 7.699999999999996E-6
1.782 3.4798099678652844E-6 4.099999999999998E-6
1.785 1.2683985129576825E-6 1.1999999999999993E-6
1.788 5.100573478900537E-7 5.999999999999997E-7
1.791 1.284132570206345E-6 1.0999999999999994E-6
1.794 3.6038350798300868E-6 4.399999999999998E-6
1.797 7.417839553719039E-6 7.799999999999995E-6
1.8 1.2614965298039582E-5 1.2499999999999992E-5
1.803 1.9031557139234454E-5 1.809999999999999E-5
1.806 2.6461053534449178E-5 2.9999999999999984E-5
1.809 3.4665132243527416E-5 3.209999999999998E-5
1.812 4.338576562872969E-5 4.509999999999997E-5
1.815 5.23574999244735E-5 4.999999999999997E-5
1.818 6.131929516275947E-5 6.689999999999996E-5
1.821 7.002532199988927E-5 7.149999999999996E-5
1.824 7.825420349978481E-5 7.719999999999995E-5
1.827 8.581630727499946E-5 8.749999999999994E-5
1.83 9.25588282698006E-5 8.769999999999995E-5
1.833 9.836854613082903E-5 9.329999999999995E-5
1.836 1.0317228457705586E-4 1.0099999999999995E-4
1.839 1.0693523481466795E-4 1.1059999999999994E-4
1.842 1.0965742304488822E-4 1.0549999999999994E-4
1.845 1.1136869696883283E-4 1.1179999999999994E-4
1.848 1.1212267302394801E-4 1.1189999999999994E-4
1.851 1.1199012189318523E-4 1.1159999999999993E-4
1.854 1.1105227362543644E-4 1.1749999999999993E-4
1.857 1.0939449651998518E-4 1.1489999999999993E-4
1.86 1.0710074868223599E-4 1.0329999999999994E-4
1.863 1.0424912244314954E-4 1.0519999999999994E-4
1.866 1.0090870557441238E-4 1.0269999999999993E-4
1.869 9.713787628825629E-5 9.299999999999994E-5
1.872 9.29840387221766E-5 9.049999999999995E-5
1.875 8.848469932099567E-5 9.079999999999994E-5
1.878 8.366968912859248E-5 8.989999999999995E-5
1.881 7.856425848866477E-5 8.009999999999995E-5
1.884 7.319271378607625E-5 7.399999999999996E-5
1.887 6.758223387252447E-5 6.749999999999996E-5
1.89 6.176649825796769E-5 6.569999999999996E-5
1.893 5.5788779807162564E-5 5.609999999999997E-5
1.896 4.970419964681195E-5 4.959999999999997E-5
1.899 4.3580907815588916E-5 4.009999999999998E-5
1.902 3.7500035122660595E-5 3.519999999999998E-5
1.905 3.155435400955859E-5 3.479999999999998E-5
1.908 2.58456826261763E-5 2.4199999999999985E-5
1.911 2.0481160351186704E-5 1.8999999999999987E-5
1.914 1.556860836119281E-5 1.719999999999999E-5
1.917 1.121125995702411E-5 1.1699999999999993E-5
1.92 7.502197544397971E-6 6.599999999999996E-6
1.923 4.5188630502607714E-6 3.499999999999998E-6
1.926 2.318014206885766E-6 2.5999999999999984E-6
1.929 9.314801922286063E-7 1.2999999999999992E-6
1.932 3.6302779217509545E-7 1.9999999999999989E-7
1.935 5.865862488893627E-7 6.999999999999997E-7
1.938 1.5459992827884526E-6 1.699999999999999E-6
1.941 3.156381465291741E-6 2.4999999999999985E-6
1.944 5.3070589289231275E-6 4.199999999999998E-6
1.947 7.865977427052736E-6 7.499999999999996E-6
1.95 1.0685370051046555E-5 1.1399999999999994E-5
1.953 1.3608398109580955E-5 1.3699999999999992E-5
1.956 1.6476416635993778E-5 1.3999999999999991E-5
1.959 1.9136474514057853E-5 1.819999999999999E-5
1.962 2.1448640812612028E-5 2.2499999999999988E-5
1.965 2.3292754680462406E-5 2.2699999999999986E-5
1.968 2.4574225682622627E-5 2.5199999999999986E-5
1.971 2.5228562928986618E-5 2.279999999999999E-5
1.974 2.522438162119087E-5 2.5299999999999985E-5
1.977 2.4564720482199665E-5 2.7099999999999984E-5
1.98 2.3286597860817416E-5 2.4199999999999985E-5
1.983 2.1458832520444733E-5 2.0399999999999988E-5
1.986 1.9178251447211314E-5 1.979999999999999E-5
1.989 1.6564495827110956E-5 1.539999999999999E-5
1.992 1.3753712521425845E-5 1.3699999999999992E-5
1.995 1.0891477583637877E-5 1.0199999999999994E-5
1.998 8.125337321165835E-6 7.799999999999995E-6
2.001 5.5973690509096195E-6 6.099999999999997E-6
2.004 3.4371573056275272E-6 3.0999999999999983E-6
2.007 1.7555524624864727E-6 2.6999999999999983E-6
2.01 6.395295441645543E-7 3.9999999999999977E-7
2.013 1.4839842796322722E-7 9.999999999999994E-8
2.016 3.115370123396497E-7 3.9999999999999977E-7
2.019 1.1277308774519364E-6 1.1999999999999993E-6
2.022 2.5661119024232946E-6 3.0999999999999983E-6
2.025 4.568599530690568E-6 4.999999999999997E-6
2.028 7.0536670431301E-6 6.699999999999996E-6
2.031 9.921185911207751E-6 1.1099999999999994E-5
2.034 1.3058047862209519E-5 1.1599999999999994E-5
2.037 1.6344229483518544E-5 1.4099999999999992E-5
2.04 1.9658949645447718E-5 1.909999999999999E-5
2.043 2.2886576116945654E-5 2.3299999999999987E-5
2.046 2.5921963632660386E-5 2.8499999999999985E-5
2.049 2.867494933201268E-5 3.0499999999999982E-5
2.052 3.107378990542269E-5 3.3899999999999984E-5
2.055 3.306739411320257E-5 3.429999999999998E-5
2.058 3.462628019022108E-5 3.509999999999998E-5
2.061 3.5742265325438416E-5 3.779999999999998E-5
2.064 3.64269692223285E-5 3.769999999999998E-5
2.067 3.6709281293754935E-5 3.709999999999998E-5
2.07 3.663199745143628E-5 3.819999999999998E-5
2.073 3.62478746037226E-5 3.849999999999998E-5
2.076 3.5615376694118115E-5 3.509999999999998E-5
2.079 3.479439426011138E-5 3.399999999999998E-5
2.082 3.3842210023354094E-5 3.4999999999999977E-5
2.085 3.280995696920604E-5 3.2499999999999984E-5
2.088 3.173977475814532E-5 3.319999999999998E-5
2.091 3.066281800774674E-5 2.9199999999999985E-5
2.094 2.9598209521524988E-5 2.8199999999999984E-5
2.097 2.8552966881902115E-5 3.119999999999998E-5
2.1 2.7522866106276706E-5 2.9299999999999984E-5
2.103 2.649414534521406E-5 2.6999999999999985E-5
2.106 2.5445898607311287E-5 2.4699999999999987E-5
2.109 2.4352967398241676E-5 2.7499999999999984E-5
2.112 2.3189109393696868E-5 2.2599999999999987E-5
2.115 2.193020938059278E-5 1.9699999999999988E-5
2.118 2.0557299294167832E-5 2.3099999999999986E-5
2.121 1.9059170868525273E-5 1.7499999999999988E-5
2.124 1.743439488742926E-5 1.709999999999999E-5
2.127 1.569260311492375E-5 1.559999999999999E-5
2.13 1.3854939855689819E-5 1.2699999999999992E-5
2.133 1.1953646393435453E-5 1.1999999999999994E-5
2.136 1.0030799644872606E-5 9.799999999999994E-6
2.139 8.136282549493617E-6 7.699999999999996E-6
2.142 6.325114463821175E-6 6.699999999999996E-6
2.145 4.654311999426152E-6 4.699999999999997E-6
2.148 3.179481765877689E-6 3.199999999999998E-6
2.151 1.95136450650315E-6 2.099999999999999E-6
2.154 1.012554127854547E-6 8.999999999999994E-7
2.157 3.9460498697477693E-7 1.9999999999999989E-7
2.16 1.1571725730224283E-7 3.9999999999999977E-7
2.163 1.7915481159634576E-7 1.9999999999999989E-7
2.166 5.72505123925117E-7 6.999999999999997E-7
2.169 1.2678390564350357E-6 1.1999999999999993E-6
2.172 2.2227733004128932E-6 1.599999999999999E-6
2.175 3.382383106923618E-6 4.899999999999997E-6
2.178 4.681861160544848E-6 6.999999999999996E-6
2.181 6.049773171259027E-6 6.899999999999996E-6
2.184 7.411724704344614E-6 5.999999999999997E-6
2.187 8.694229064126953E-6 9.099999999999994E-6
2.19 9.828554107157827E-6 1.0199999999999994E-5
2.193 1.0754327304309214E-5 8.799999999999995E-6
2.196 1.1422692999930981E-5 1.2399999999999993E-5
2.199 1.1798842633655439E-5 1.2399999999999993E-5
2.202 1.1863775974518038E-5 1.2399999999999993E-5
2.205 1.1615196834281851E-5 1.2399999999999993E-5
2.208 1.1067497480444025E-5 1.1699999999999993E-5
2.211 1.0250838974536286E-5 9.899999999999995E-6
2.214 9.209386734499303E-6 9.399999999999995E-6
2.217 7.99880867117304E-6 7.999999999999995E-6
2.22 6.68318446680651E-6 7.599999999999996E-6
2.223 5.331506579867171E-6 4.999999999999997E-6
2.226 4.0139745873934725E-6 4.399999999999998E-6
2.229 2.798293406411203E-6 2.6999999999999983E-6
2.232 1.7461824006241462E-6 2.2999999999999987E-6
2.235 9.102867607375372E-7 7.999999999999995E-7
2.238 3.3165594849076074E-7 5.999999999999997E-7
2.241 3.7918161579431507E-8 9.999999999999994E-8
2.244 4.2236984734132804E-8 9.999999999999994E-8
2.247 3.4308930207338455E-7 9.999999999999994E-8
2.25 9.248550369521403E-7 8.999999999999994E-7
2.253 1.7591622786149144E-6 2.099999999999999E-6
2.256 2.806888634138927E-6 2.6999999999999983E-6
2.259 4.020683690120309E-6 3.299999999999998E-6
2.262 5.347850312694713E-6 6.099999999999997E-6
2.265 6.7334056226600615E-6 7.1999999999999954E-6
2.268 8.123136675440168E-6 8.399999999999996E-6
2.271 9.466471289564397E-6 9.699999999999995E-6
2.274 1.0719000557527156E-5 9.599999999999994E-6
2.277 1.1844515157768309E-5 1.1899999999999993E-5
2.28 1.2816450930498805E-5 1.1499999999999993E-5
2.283 1.3618678107602423E-5 1.2399999999999993E-5
2.286 1.4245610622242463E-5 1.4899999999999991E-5
2.289 1.4701654445232573E-5 1.5699999999999992E-5
2.292 1.5000054296882126E-5 1.699999999999999E-5
2.295 1.516123393249517E-5 1.549999999999999E-5
2.298 1.5210754382240371E-5 1.5699999999999992E-5
2.301 1.517703536945329E-5 1.4399999999999991E-5
2.304 1.5088996499142399E-5 1.559999999999999E-5
2.307 1.4973776163567771E-5 1.649999999999999E-5
2.31 1.4854677537701042E-5 1.539999999999999E-5
2.313 1.4749473228342E-5 1.669999999999999E-5
2.316 1.4669174346642796E-5 1.4199999999999991E-5
2.319 1.4617337719561495E-5 1.3899999999999992E-5
2.322 1.458994872770712E-5 1.2399999999999993E-5
2.325 1.4575879170050529E-5 1.3499999999999993E-5
2.328 1.4557882009174279E-5 1.2699999999999992E-5
2.331 1.4514050178882417E-5 1.2499999999999992E-5
2.334 1.4419636966699262E-5 1.2699999999999992E-5
2.337 1.4249112609494341E-5 1.599999999999999E-5
2.34 1.3978317014191659E-5 1.4799999999999992E-5
2.343 1.3586562770905506E-5 1.2299999999999992E-5
2.346 1.3058546135920537E-5 1.3699999999999992E-5
2.349 1.2385936125934393E-5 1.3299999999999993E-5
2.352 1.1568532437687508E-5 9.299999999999994E-6
2.355 1.061491025183777E-5 1.1399999999999994E-5
2.358 9.542502361793407E-6 6.999999999999996E-6
2.361 8.377104457325815E-6 9.999999999999994E-6
2.364 7.151825596956911E-6 6.799999999999996E-6
2.367 5.90554069729852E-6 6.999999999999996E-6
2.37 4.680933132210766E-6 4.5999999999999975E-6
2.373 3.522241380999037E-6 2.099999999999999E-6
2.376 2.4728425473954044E-6 3.499999999999998E-6
2.379 1.5728163772741873E-6 1.899999999999999E-6
2.382 8.566355163922656E-7 6.999999999999997E-7
2.385 3.5112108246454404E-7 4.999999999999997E-7
2.388 7.378761982272639E-8 1.9999999999999989E-7
2.391 3.167909893651619E-8 9.999999999999994E-8
2.394 2.2076919298448426E-7 9.999999999999994E-8
2.397 6.259663347250389E-7 5.999999999999997E-7
2.4 1.2217289973059482E-6 8.999999999999994E-7
2.403 1.9732613425433496E-6 1.7999999999999989E-6
2.406 2.8382259254133518E-6 2.199999999999999E-6
2.409 3.768880490766607E-6 4.199999999999998E-6
2.412 4.714521759749301E-6 4.399999999999998E-6
2.415 5.624101847695754E-6 4.999999999999997E-6
2.418 6.448873530060082E-6 6.999999999999996E-6
2.421 7.144919454523765E-6 6.699999999999996E-6
2.424 7.67542756838541E-6 9.399999999999995E-6
2.427 8.012589988044492E-6 7.699999999999996E-6
2.43 8.139024329746178E-6 8.899999999999994E-6
2.433 8.04864381004462E-6 7.699999999999996E-6
2.436 7.746933570260179E-6 7.599999999999996E-6
2.439 7.250623840983127E-6 5.999999999999997E-6
2.442 6.586783809500813E-6 6.499999999999996E-6
2.445 5.7913914785127446E-6 5.899999999999997E-6
2.448 4.907462638855226E-6 4.799999999999997E-6
2.451 3.982844788882837E-6 5.099999999999997E-6
2.454 3.0677982091328684E-6 3.199999999999998E-6
2.457 2.2124956221209648E-6 3.299999999999998E-6
2.46 1.464573542680588E-6 1.7999999999999989E-6
2.463 8.66862609426624E-7 4.999999999999997E-7
2.466 4.5541137235215106E-7 9.999999999999993E-7
2.469 2.57899082873285E-7 9.999999999999994E-8
2.472 2.925092166392319E-7 9.999999999999994E-8
2.475 5.673082411641098E-7 5.999999999999997E-7
2.478 1.0801451711746316E-6 1.1999999999999993E-6
2.481 1.8190584508316393E-6 2.4999999999999985E-6
2.484 2.763149341697188E-6 1.9999999999999986E-6
2.487 3.883856819267911E-6 4.4999999999999976E-6
2.49 5.146549303605598E-6 4.799999999999997E-6
2.493 6.51233438635524E-6 6.699999999999996E-6
2.496 7.939979729133045E-6 8.199999999999996E-6
2.499 9.38783677438969E-6 1.0299999999999995E-5
2.502 1.0815663715193122E-5 1.1699999999999993E-5
2.505 1.2186254824979441E-5 1.2099999999999993E-5
2.508 1.346679892615597E-5 1.4799999999999992E-5
2.511 1.4629909372637444E-5 1.5699999999999992E-5
2.514 1.565429012678758E-5 1.5299999999999992E-5
2.517 1.6525025896392674E-5 1.579999999999999E-5
2.52 1.7233507402057832E-5 1.6399999999999992E-5
2.523 1.77770242696556E-5 1.819999999999999E-5
2.526 1.8158076527719906E-5 1.939999999999999E-5
2.529 1.838347019585623E-5 1.799999999999999E-5
2.532 1.846327221100842E-5 1.779999999999999E-5
2.535 1.8409704503419218E-5 1.7499999999999988E-5
2.538 1.8236056290455207E-5 2.1499999999999987E-5
2.541 1.7955687823870973E-5 1.909999999999999E-5
2.544 1.7581188441792213E-5 1.799999999999999E-5
2.547 1.7123737648322323E-5 1.769999999999999E-5
2.55 1.659270109815279E-5 1.649999999999999E-5
2.553 1.5995474975651948E-5 1.5699999999999992E-5
2.556 1.5337573572077037E-5 1.3499999999999993E-5
2.559 1.4622937119513394E-5 1.3699999999999992E-5
2.562 1.3854421284271404E-5 1.4899999999999991E-5
2.565 1.3034417149736465E-5 1.3699999999999992E-5
2.568 1.2165541802073315E-5 1.2299999999999992E-5
2.571 1.1251335283151738E-5 1.0199999999999994E-5
2.574 1.0296899912299523E-5 1.0599999999999993E-5
2.577 9.309422720214554E-6 8.499999999999995E-6
2.58 8.298530610995218E-6 8.599999999999996E-6
2.583 7.276440234762304E-6 7.799999999999995E-6
2.586 6.2578795571079324E-6 6.899999999999996E-6
2.589 5.259774733340532E-6 5.299999999999997E-6
2.592 4.3007130199805805E-6 5.099999999999997E-6
2.595 3.4002089441095623E-6 3.499999999999998E-6
2.598 2.5778157121958157E-6 1.699999999999999E-6
2.601 1.8521359002985978E-6 1.7999999999999989E-6
2.604 1.2397940316385477E-6 6.999999999999997E-7
2.607 7.544381466529877E-7 4.999999999999997E-7
2.61 4.0583759791192706E-7 2.9999999999999983E-7
2.613 1.9914002976798208E-7 9.999999999999994E-8
2.616 1.3434208231910485E-7 2.9999999999999983E-7
2.619 2.0601630557498069E-7 2.9999999999999983E-7
2.622 4.033218262141662E-7 2.9999999999999983E-7
2.625 7.103094012953645E-7 3.9999999999999977E-7
2.628 1.1065136694136033E-6 9.999999999999993E-7
2.631 1.567807776373564E-6 1.3999999999999993E-6
2.634 2.06747920463515E-6 1.899999999999999E-6
2.637 2.577471589838624E-6 2.199999999999999E-6
2.64 3.069726438619676E-6 2.199999999999999E-6
2.643 3.517551650066185E-6 3.699999999999998E-6
2.646 3.896941033381599E-6 3.899999999999997E-6
2.649 4.187770789475835E-6 3.899999999999997E-6
2.652 4.374805095168027E-6 4.999999999999997E-6
2.655 4.4484531407413305E-6 5.199999999999997E-6
2.658 4.405233626903154E-6 5.199999999999997E-6
2.661 4.247919022080953E-6 4.799999999999997E-6
2.664 3.9853498549788325E-6 4.799999999999997E-6
2.667 3.631927911552784E-6 3.699999999999998E-6
2.67 3.206815326833131E-6 2.9999999999999984E-6
2.673 2.7328831479382085E-6 3.699999999999998E-6
2.676 2.2354670270890523E-6 1.899999999999999E-6
2.679 1.7409984657297072E-6 1.9999999999999986E-6
2.682 1.2755868552317857E-6 1.699999999999999E-6
2.685 8.636300632289744E-7 5.999999999999997E-7
2.688 5.265293701476148E-7 3.9999999999999977E-7
2.691 2.8157830296189495E-7 3.9999999999999977E-7
2.694 1.410847294490506E-7 9.999999999999994E-8
2.697 1.1177208072450629E-7 0.0
2.7 1.9448956642249877E-7 2.9999999999999983E-7
2.703 3.8424367979363256E-7 1.9999999999999989E-7
2.706 6.705451868882233E-7 5.999999999999997E-7
2.709 1.0380482045784195E-6 1.0999999999999994E-6
2.712 1.4674419060650895E-6 1.699999999999999E-6
2.715 1.936541760078914E-6 1.899999999999999E-6
2.718 2.4215167699104717E-6 1.4999999999999992E-6
2.721 2.8981824944874428E-6 1.599999999999999E-6
2.724 3.343287044340092E-6 2.7999999999999986E-6
2.727 3.7357188458009994E-6 3.799999999999998E-6
2.73 4.057570607440194E-6 3.799999999999998E-6
2.733 4.295003220299676E-6 4.799999999999997E-6
2.736 4.438865686922209E-6 2.9999999999999984E-6
2.739 4.485041842484404E-6 4.699999999999997E-6
2.742 4.434510719826395E-6 4.999999999999997E-6
2.745 4.293123965045002E-6 3.499999999999998E-6
2.748 4.071119764531314E-6 3.5999999999999977E-6
2.751 3.7824073755989465E-6 2.7999999999999986E-6
2.754 3.4436687359766425E-6 3.0999999999999983E-6
2.757 3.0733330821859413E-6 2.6999999999999983E-6
2.76 2.690486535291393E-6 2.9999999999999984E-6
2.763 2.3137809251382836E-6 1.4999999999999992E-6
2.766 1.960404654862796E-6 2.199999999999999E-6
2.769 1.645173312078483E-6 1.1999999999999993E-6
2.772 1.37978937871096E-6 2.099999999999999E-6
2.775 1.1723093296423252E-6 1.2999999999999992E-6
2.778 1.0268433427942388E-6 1.2999999999999992E-6
2.781 9.434985770322519E-7 7.999999999999995E-7
2.784 9.185623728943552E-7 9.999999999999993E-7
2.787 9.44907661759215E-7 9.999999999999993E-7
2.79 1.0125901518224675E-6 1.0999999999999994E-6
2.793 1.1095962187354126E-6 1.1999999999999993E-6
2.796 1.222692453149747E-6 9.999999999999993E-7
2.799 1.3383229257926011E-6 1.4999999999999992E-6
2.802 1.443498651152425E-6 1.699999999999999E-6
2.805 1.526625490735377E-6 1.599999999999999E-6
2.808 1.5782216642369166E-6 1.3999999999999993E-6
2.811 1.5914837753938924E-6 1.699999999999999E-6
2.814 1.5626702914866827E-6 1.4999999999999992E-6
2.817 1.4912830980368698E-6 1.9999999999999986E-6
2.82 1.3800403535238461E-6 1.0999999999999994E-6
2.823 1.2346466227814317E-6 1.2999999999999992E-6
2.826 1.0633784074533534E-6 1.2999999999999992E-6
2.829 8.76514004439133E-7 9.999999999999994E-8
2.832 6.856454882356178E-7 5.999999999999997E-7
2.835 5.029170382569673E-7 7.999999999999995E-7
2.838 3.4023748063181993E-7 0.0
2.841 2.0851562093561058E-7 4.999999999999997E-7
2.844 1.1696472417747523E-7 9.999999999999994E-8
2.847 7.251754031470495E-8 9.999999999999994E-8
2.85 7.938592697174152E-8 0.0
2.853 1.3878987144623572E-7 9.999999999999994E-8
2.856 2.488701516718297E-7 9.999999999999994E-8
2.859 4.0478765774104047E-7 6.999999999999997E-7
2.862 5.990012055097716E-7 7.999999999999995E-7
2.865 8.217051800483906E-7 1.0999999999999994E-6
2.868 1.0613991625500414E-6 5.999999999999997E-7
2.871 1.3055543421251722E-6 9.999999999999993E-7
2.874 1.5413363955725652E-6 1.2999999999999992E-6
2.877 1.756341893344699E-6 1.599999999999999E-6
2.88 1.939305263128183E-6 2.2999999999999987E-6
2.883 2.080735860288454E-6 2.099999999999999E-6
2.886 2.1734495517591042E-6 2.199999999999999E-6
2.889 2.212966075773943E-6 1.7999999999999989E-6
2.892 2.1977518402220465E-6 1.899999999999999E-6
2.895 2.1292972309982847E-6 2.199999999999999E-6
2.898 2.0120273331634103E-6 2.2999999999999987E-6
2.901 1.8530546246262856E-6 1.7999999999999989E-6
2.904 1.6617911112863238E-6 1.2999999999999992E-6
2.907 1.4494450192172245E-6 1.0999999999999994E-6
2.91 1.2284331172364132E-6 1.0999999999999994E-6
2.913 1.0117436979784344E-6 7.999999999999995E-7
2.916 8.122870124321215E-7 1.2999999999999992E-6
2.919 6.422694841861572E-7 1.9999999999999989E-7
2.922 5.126254151763051E-7 8.999999999999994E-7
2.925 4.3253535303413766E-7 3.9999999999999977E-7
2.928 4.0905415232018523E-7 3.9999999999999977E-7
2.931 4.4686444858986406E-7 2.9999999999999983E-7
2.934 5.48163257826568E-7 5.999999999999997E-7
2.937 7.126812271216199E-7 7.999999999999995E-7
2.94 9.378262064562297E-7 1.4999999999999992E-6
2.943 1.2189357633033211E-6 1.4999999999999992E-6
2.946 1.5496174359963424E-6 8.999999999999994E-7
2.949 1.9221512457594786E-6 1.699999999999999E-6
2.952 2.327926482531131E-6 2.2999999999999987E-6
2.955 2.7578841502135817E-6 2.9999999999999984E-6
2.958 3.202937685455799E-6 2.6999999999999983E-6
2.961 3.6543475150224608E-6 3.399999999999998E-6
2.964 4.10402944820291E-6 4.4999999999999976E-6
2.967 4.544782480556831E-6 4.399999999999998E-6
2.97 4.970427915772428E-6 4.699999999999997E-6
2.973 5.375858354708071E-6 5.4999999999999965E-6
2.976 5.757001605993373E-6 4.899999999999997E-6
2.979 6.110710508599718E-6 5.199999999999997E-6
2.982 6.4345946376565565E-6 5.799999999999997E-6
2.985 6.726813573009526E-6 7.1999999999999954E-6
2.988 6.9858536177566E-6 6.899999999999996E-6
2.991 7.210310435403422E-6 5.799999999999997E-6
2.994 7.398699012785266E-6 6.999999999999996E-6
2.997 7.549309744615268E-6 7.1999999999999954E-6
3.0 7.660125468786619E-6 8.499999999999995E-6
