0.00100 4746468.000
0.00300 5122644.000
0.00500 5454552.000
0.00700 5585112.000
0.00900 5681604.000
0.01100 5678136.000
0.01300 5494536.000
0.01500 5261160.000
0.01700 4988004.000
0.01900 4531248.000
0.02100 4195056.000
0.02300 3908232.000
0.02500 3503496.000
0.02700 3126300.000
0.02900 2745840.000
0.03100 2430864.000
0.03300 2094876.000
0.03500 1755420.000
0.03700 1464720.000
0.03900 1170756.000
0.04100 986136.000
0.04300 760308.000
0.04500 612612.000
0.04700 475524.000
0.04900 351095.000
0.05100 282615.000
0.05300 230932.000
0.05500 194399.000
0.05700 166629.000
0.05900 148090.000
0.06100 135412.000
0.06300 125614.000
0.06500 118832.000
0.06700 114559.000
0.06900 110284.000
0.07100 107081.000
0.07300 105124.000
0.07500 102737.000
0.07700 100246.000
0.07900 98604.000
0.08100 97131.000
0.08300 96466.000
0.08500 94938.000
0.08700 94274.000
0.08900 93611.000
0.09100 92690.000
0.09300 92682.000
0.09500 92496.000
0.09700 92325.000
0.09900 92105.000
0.10100 92653.000
0.10300 92889.000
0.10500 92726.000
0.10700 92662.000
0.10900 93036.000
0.11100 94118.000
0.11300 94602.000
0.11500 95245.000
0.11700 95881.000
0.11900 96196.000
0.12100 97804.000
0.12300 98513.000
0.12500 98879.000
0.12700 99773.000
0.12900 100918.000
0.13100 101101.000
0.13300 102421.000
0.13500 103369.000
0.13700 104193.000
0.13900 105147.000
0.14100 106914.000
0.14300 107637.000
0.14500 108902.000
0.14700 109612.000
0.14900 110958.000
0.15100 112012.000
0.15300 113206.000
0.15500 114285.000
0.15700 115575.000
0.15900 116587.000
0.16100 117445.000
0.16300 118789.000
0.16500 119981.000
0.16700 121642.000
0.16900 122780.000
0.17100 123644.000
0.17300 125188.000
0.17500 126424.000
0.17700 127555.000
0.17900 129128.000
0.18100 130076.000
0.18300 131073.000
0.18500 132747.000
0.18700 134054.000
0.18900 135838.000
0.19100 136396.000
0.19300 138064.000
0.19500 139495.000
0.19700 140249.000
0.19900 141306.000
0.20100 141938.000
0.20300 144176.000
0.20500 145729.000
0.20700 146671.000
0.20900 147635.000
0.21100 148993.000
0.21300 150934.000
0.21500 151775.000
0.21700 153322.000
0.21900 154383.000
0.22100 155537.000
0.22300 157023.000
0.22500 158251.000
0.22700 158931.000
0.22900 160575.000
0.23100 161371.000
0.23300 163032.000
0.23500 163509.000
0.23700 165333.000
0.23900 166407.000
0.24100 167887.000
0.24300 169597.000
0.24500 170427.000
0.24700 172841.000
0.24900 172911.000
0.25100 174098.000
0.25300 174895.000
0.25500 176559.000
0.25700 178050.000
0.25900 179082.000
0.26100 180974.000
0.26300 181549.000
0.26500 183015.000
0.26700 184264.000
0.26900 186651.000
0.27100 187579.000
0.27300 188226.000
0.27500 188790.000
0.27700 190609.000
0.27900 191477.000
0.28100 193039.000
0.28300 194766.000
0.28500 195977.000
0.28700 197329.000
0.28900 198395.000
0.29100 199114.000
0.29300 200368.000
0.29500 201608.000
0.29700 202395.000
0.29900 204594.000
0.30100 204971.000
0.30300 207695.000
0.30500 208665.000
0.30700 209792.000
0.30900 210219.000
0.31100 212002.000
0.31300 213604.000
0.31500 214704.000
0.31700 215700.000
0.31900 216250.000
0.32100 217220.000
0.32300 219695.000
0.32500 220689.000
0.32700 222331.000
0.32900 222486.000
0.33100 225242.000
0.33300 226111.000
0.33500 227293.000
0.33700 228579.000
0.33900 230262.000
0.34100 231606.000
0.34300 232341.000
0.34500 233085.000
0.34700 235102.000
0.34900 236616.000
0.35100 236795.000
0.35300 238436.000
0.35500 239717.000
0.35700 240070.000
0.35900 242281.000
0.36100 243681.000
0.36300 244250.000
0.36500 245648.000
0.36700 246672.000
0.36900 247374.000
0.37100 249134.000
0.37300 249875.000
0.37500 251006.000
0.37700 253214.000
0.37900 253658.000
0.38100 255323.000
0.38300 255330.000
0.38500 256924.000
0.38700 257337.000
0.38900 257972.000
0.39100 259682.000
0.39300 260679.000
0.39500 261888.000
0.39700 262903.000
0.39900 262847.000
0.40100 264519.000
0.40300 266557.000
0.40500 267225.000
0.40700 267977.000
0.40900 269237.000
0.41100 269940.000
0.41300 271418.000
0.41500 270988.000
0.41700 273278.000
0.41900 274422.000
0.42100 273854.000
0.42300 274249.000
0.42500 275263.000
0.42700 276588.000
0.42900 278094.000
0.43100 279422.000
0.43300 279343.000
0.43500 280063.000
0.43700 280707.000
0.43900 280837.000
0.44100 281746.000
0.44300 282790.000
0.44500 283949.000
0.44700 283664.000
0.44900 285293.000
0.45100 286608.000
0.45300 286779.000
0.45500 287288.000
0.45700 287329.000
0.45900 287578.000
0.46100 289299.000
0.46300 289226.000
0.46500 290065.000
0.46700 290175.000
0.46900 290499.000
0.47100 292354.000
0.47300 292175.000
0.47500 292875.000
0.47700 292436.000
0.47900 292896.000
0.48100 294042.000
0.48300 294185.000
0.48500 294254.000
0.48700 293643.000
0.48900 294633.000
0.49100 295652.000
0.49300 294492.000
0.49500 295679.000
0.49700 295162.000
0.49900 295684.000
0.50100 295086.000
0.50300 295514.000
0.50500 296448.000
0.50700 294934.000
0.50900 295600.000
0.51100 295803.000
0.51300 294995.000
0.51500 295816.000
0.51700 296301.000
0.51900 294711.000
0.52100 294236.000
0.52300 293885.000
0.52500 295172.000
0.52700 293073.000
0.52900 294408.000
0.53100 291995.000
0.53300 292225.000
0.53500 291228.000
0.53700 290469.000
0.53900 289926.000
0.54100 289629.000
0.54300 287895.000
0.54500 286401.000
0.54700 285167.000
0.54900 283673.000
0.55100 281406.000
0.55300 279843.000
0.55500 276396.000
0.55700 274343.000
0.55900 270292.000
0.56100 267865.000
0.56300 263594.000
0.56500 259052.000
0.56700 255366.000
0.56900 250494.000
0.57100 245676.000
0.57300 241350.000
0.57500 235139.000
0.57700 229454.000
0.57900 224773.000
0.58100 217892.000
0.58300 212088.000
0.58500 205231.000
0.58700 198751.000
0.58900 192616.000
0.59100 184365.000
0.59300 176517.000
0.59500 169555.000
0.59700 162369.000
0.59900 154820.000
0.60100 147017.000
0.60300 139556.000
0.60500 132068.000
0.60700 124573.000
0.60900 117592.000
0.61100 110483.000
0.61300 103066.000
0.61500 96736.000
0.61700 90574.000
0.61900 84549.000
0.62100 78614.000
0.62300 73364.000
0.62500 68367.000
0.62700 63635.000
0.62900 59021.000
0.63100 55375.000
0.63300 51623.000
0.63500 48564.000
0.63700 45351.000
0.63900 42880.000
0.64100 39694.000
0.64300 37581.000
0.64500 36044.000
0.64700 34001.000
0.64900 32755.000
0.65100 31482.000
0.65300 30540.000
0.65500 29772.000
0.65700 29083.000
0.65900 27994.000
0.66100 27397.000
0.66300 27271.000
0.66500 27034.000
0.66700 26374.000
0.66900 25906.000
0.67100 26000.000
0.67300 26050.000
0.67500 25916.000
0.67700 25552.000
0.67900 25507.000
0.68100 25599.000
0.68300 25463.000
0.68500 25319.000
0.68700 25322.000
0.68900 25404.000
0.69100 24920.000
0.69300 24698.000
0.69500 24636.000
0.69700 24310.000
0.69900 24594.000
0.70100 24016.000
0.70300 24121.000
0.70500 23411.000
0.70700 23361.000
0.70900 23096.000
0.71100 22663.000
0.71300 22596.000
0.71500 21952.000
0.71700 21787.000
0.71900 21318.000
0.72100 20936.000
0.72300 20644.000
0.72500 20114.000
0.72700 20017.000
0.72900 19475.000
0.73100 18918.000
0.73300 18522.000
0.73500 18207.000
0.73700 17995.000
0.73900 17237.000
0.74100 16714.000
0.74300 16392.000
0.74500 15872.000
0.74700 15313.000
0.74900 15217.000
0.75100 14447.000
0.75300 13906.000
0.75500 13815.000
0.75700 13127.000
0.75900 12812.000
0.76100 12380.000
0.76300 11939.000
0.76500 11529.000
0.76700 10949.000
0.76900 10607.000
0.77100 10514.000
0.77300 10006.000
0.77500 9676.000
0.77700 9348.000
0.77900 9096.000
0.78100 8506.000
0.78300 8375.000
0.78500 7977.000
0.78700 7892.000
0.78900 7514.000
0.79100 7339.000
0.79300 7001.000
0.79500 6857.000
0.79700 6599.000
0.79900 6347.000
0.80100 6090.000
0.80300 5874.000
0.80500 5881.000
0.80700 5654.000
0.80900 5596.000
0.81100 5515.000
0.81300 5279.000
0.81500 5218.000
0.81700 5251.000
0.81900 4958.000
0.82100 5013.000
0.82300 4872.000
0.82500 4865.000
0.82700 4750.000
0.82900 4748.000
0.83100 4653.000
0.83300 4684.000
0.83500 4590.000
0.83700 4607.000
0.83900 4551.000
0.84100 4509.000
0.84300 4544.000
0.84500 4632.000
0.84700 4512.000
0.84900 4624.000
0.85100 4327.000
0.85300 4519.000
0.85500 4530.000
0.85700 4485.000
0.85900 4514.000
0.86100 4463.000
0.86300 4410.000
0.86500 4630.000
0.86700 4524.000
0.86900 4523.000
0.87100 4403.000
0.87300 4577.000
0.87500 4414.000
0.87700 4467.000
0.87900 4633.000
0.88100 4491.000
0.88300 4526.000
0.88500 4475.000
0.88700 4448.000
0.88900 4472.000
0.89100 4539.000
0.89300 4394.000
0.89500 4403.000
0.89700 4361.000
0.89900 4257.000
0.90100 4211.000
0.90300 4322.000
0.90500 4268.000
0.90700 4292.000
0.90900 4032.000
0.91100 4139.000
0.91300 4071.000
0.91500 3952.000
0.91700 3988.000
0.91900 3965.000
0.92100 3991.000
0.92300 3838.000
0.92500 3786.000
0.92700 3668.000
0.92900 3717.000
0.93100 3595.000
0.93300 3573.000
0.93500 3479.000
0.93700 3375.000
0.93900 3272.000
0.94100 3267.000
0.94300 3241.000
0.94500 3059.000
0.94700 3090.000
0.94900 3032.000
0.95100 3010.000
0.95300 2974.000
0.95500 2785.000
0.95700 2752.000
0.95900 2702.000
0.96100 2691.000
0.96300 2601.000
0.96500 2515.000
0.96700 2427.000
0.96900 2409.000
0.97100 2369.000
0.97300 2360.000
0.97500 2153.000
0.97700 2166.000
0.97900 2086.000
0.98100 2084.000
0.98300 2091.000
0.98500 1943.000
0.98700 1897.000
0.98900 1772.000
0.99100 1788.000
0.99300 1782.000
0.99500 1689.000
0.99700 1593.000
0.99900 1671.000
1.00100 1589.000
1.00300 1573.000
1.00500 1461.000
1.00700 1391.000
1.00900 1423.000
1.01100 1366.000
1.01300 1290.000
1.01500 1329.000
1.01700 1230.000
1.01900 1229.000
1.02100 1259.000
1.02300 1114.000
1.02500 1089.000
1.02700 1096.000
1.02900 1102.000
1.03100 1107.000
1.03300 1077.000
1.03500 1102.000
1.03700 1014.000
1.03900 1004.000
1.04100 972.000
1.04300 1023.000
1.04500 985.000
1.04700 1001.000
1.04900 985.000
1.05100 955.000
1.05300 963.000
1.05500 938.000
1.05700 937.000
1.05900 890.000
1.06100 915.000
1.06300 886.000
1.06500 902.000
1.06700 885.000
1.06900 950.000
1.07100 930.000
1.07300 921.000
1.07500 977.000
1.07700 921.000
1.07900 962.000
1.08100 934.000
1.08300 929.000
1.08500 922.000
1.08700 967.000
1.08900 952.000
1.09100 954.000
1.09300 979.000
1.09500 941.000
1.09700 918.000
1.09900 942.000
1.10100 913.000
1.10300 948.000
1.10500 967.000
1.10700 935.000
1.10900 905.000
1.11100 949.000
1.11300 1004.000
1.11500 947.000
1.11700 963.000
1.11900 930.000
1.12100 908.000
1.12300 944.000
1.12500 946.000
1.12700 993.000
1.12900 893.000
1.13100 928.000
1.13300 928.000
1.13500 959.000
1.13700 887.000
1.13900 930.000
1.14100 980.000
1.14300 905.000
1.14500 921.000
1.14700 939.000
1.14900 858.000
1.15100 904.000
1.15300 907.000
1.15500 848.000
1.15700 876.000
1.15900 871.000
1.16100 878.000
1.16300 829.000
1.16500 830.000
1.16700 829.000
1.16900 783.000
1.17100 793.000
1.17300 794.000
1.17500 740.000
1.17700 750.000
1.17900 724.000
1.18100 772.000
1.18300 735.000
1.18500 705.000
1.18700 769.000
1.18900 710.000
1.19100 669.000
1.19300 688.000
1.19500 659.000
1.19700 648.000
1.19900 643.000
1.20100 606.000
1.20300 588.000
1.20500 605.000
1.20700 564.000
1.20900 526.000
1.21100 515.000
1.21300 527.000
1.21500 484.000
1.21700 513.000
1.21900 503.000
1.22100 504.000
1.22300 484.000
1.22500 462.000
1.22700 462.000
1.22900 414.000
1.23100 447.000
1.23300 404.000
1.23500 379.000
1.23700 428.000
1.23900 373.000
1.24100 378.000
1.24300 326.000
1.24500 374.000
1.24700 341.000
1.24900 340.000
1.25100 333.000
1.25300 303.000
1.25500 322.000
1.25700 313.000
1.25900 282.000
1.26100 287.000
1.26300 277.000
1.26500 303.000
1.26700 266.000
1.26900 285.000
1.27100 249.000
1.27300 245.000
1.27500 223.000
1.27700 229.000
1.27900 242.000
1.28100 224.000
1.28300 243.000
1.28500 240.000
1.28700 231.000
1.28900 229.000
1.29100 246.000
1.29300 204.000
1.29500 208.000
1.29700 249.000
1.29900 225.000
1.30100 224.000
1.30300 222.000
1.30500 186.000
1.30700 229.000
1.30900 242.000
1.31100 207.000
1.31300 207.000
1.31500 202.000
1.31700 215.000
1.31900 235.000
1.32100 236.000
1.32300 224.000
1.32500 208.000
1.32700 236.000
1.32900 214.000
1.33100 243.000
1.33300 249.000
1.33500 226.000
1.33700 230.000
1.33900 229.000
1.34100 229.000
1.34300 253.000
1.34500 235.000
1.34700 304.000
1.34900 253.000
1.35100 221.000
1.35300 269.000
1.35500 268.000
1.35700 258.000
1.35900 239.000
1.36100 263.000
1.36300 275.000
1.36500 271.000
1.36700 250.000
1.36900 270.000
1.37100 272.000
1.37300 268.000
1.37500 232.000
1.37700 233.000
1.37900 244.000
1.38100 249.000
1.38300 248.000
1.38500 237.000
1.38700 274.000
1.38900 249.000
1.39100 240.000
1.39300 288.000
1.39500 258.000
1.39700 262.000
1.39900 283.000
1.40100 250.000
1.40300 241.000
1.40500 249.000
1.40700 236.000
1.40900 248.000
1.41100 230.000
1.41300 216.000
1.41500 213.000
1.41700 240.000
1.41900 231.000
1.42100 208.000
1.42300 213.000
1.42500 240.000
1.42700 223.000
1.42900 222.000
1.43100 238.000
1.43300 204.000
1.43500 197.000
1.43700 193.000
1.43900 204.000
1.44100 179.000
1.44300 195.000
1.44500 176.000
1.44700 164.000
1.44900 166.000
1.45100 182.000
1.45300 154.000
1.45500 172.000
1.45700 164.000
1.45900 168.000
1.46100 155.000
1.46300 164.000
1.46500 144.000
1.46700 153.000
1.46900 142.000
1.47100 136.000
1.47300 117.000
1.47500 125.000
1.47700 120.000
1.47900 124.000
1.48100 100.000
1.48300 107.000
1.48500 109.000
1.48700 117.000
1.48900 100.000
1.49100 99.000
1.49300 94.000
1.49500 113.000
1.49700 86.000
1.49900 67.000
1.50100 75.000
1.50300 87.000
1.50500 80.000
1.50700 89.000
1.50900 71.000
1.51100 72.000
1.51300 72.000
1.51500 72.000
1.51700 66.000
1.51900 95.000
1.52100 69.000
1.52300 73.000
1.52500 69.000
1.52700 65.000
1.52900 71.000
1.53100 57.000
1.53300 61.000
1.53500 53.000
1.53700 55.000
1.53900 52.000
1.54100 54.000
1.54300 47.000
1.54500 61.000
1.54700 58.000
1.54900 59.000
1.55100 52.000
1.55300 56.000
1.55500 73.000
1.55700 57.000
1.55900 53.000
1.56100 45.000
1.56300 35.000
1.56500 53.000
1.56700 46.000
1.56900 45.000
1.57100 55.000
1.57300 51.000
1.57500 51.000
1.57700 51.000
1.57900 50.000
1.58100 65.000
1.58300 69.000
1.58500 54.000
1.58700 47.000
1.58900 64.000
1.59100 50.000
1.59300 62.000
1.59500 59.000
1.59700 63.000
1.59900 60.000
1.60100 66.000
1.60300 59.000
1.60500 77.000
1.60700 57.000
1.60900 69.000
1.61100 61.000
1.61300 64.000
1.61500 66.000
1.61700 59.000
1.61900 59.000
1.62100 60.000
1.62300 61.000
1.62500 54.000
1.62700 72.000
1.62900 84.000
1.63100 74.000
1.63300 75.000
1.63500 67.000
1.63700 74.000
1.63900 56.000
1.64100 81.000
1.64300 52.000
1.64500 74.000
1.64700 76.000
1.64900 70.000
1.65100 65.000
1.65300 54.000
1.65500 62.000
1.65700 84.000
1.65900 66.000
1.66100 73.000
1.66300 69.000
1.66500 76.000
1.66700 67.000
1.66900 69.000
1.67100 54.000
1.67300 72.000
1.67500 67.000
1.67700 51.000
1.67900 58.000
1.68100 87.000
1.68300 65.000
1.68500 51.000
1.68700 51.000
1.68900 64.000
1.69100 50.000
1.69300 58.000
1.69500 42.000
1.69700 55.000
1.69900 49.000
1.70100 51.000
1.70300 43.000
1.70500 44.000
1.70700 55.000
1.70900 48.000
1.71100 52.000
1.71300 39.000
1.71500 40.000
1.71700 55.000
1.71900 59.000
1.72100 47.000
1.72300 54.000
1.72500 49.000
1.72700 54.000
1.72900 34.000
1.73100 37.000
1.73300 42.000
1.73500 36.000
1.73700 27.000
1.73900 33.000
1.74100 30.000
1.74300 26.000
1.74500 32.000
1.74700 27.000
1.74900 33.000
1.75100 32.000
1.75300 33.000
1.75500 32.000
1.75700 25.000
1.75900 23.000
1.76100 20.000
1.76300 22.000
1.76500 16.000
1.76700 30.000
1.76900 32.000
1.77100 21.000
1.77300 13.000
1.77500 13.000
1.77700 14.000
1.77900 24.000
1.78100 10.000
1.78300 20.000
1.78500 12.000
1.78700 10.000
1.78900 16.000
1.79100 11.000
1.79300 11.000
1.79500 13.000
1.79700 14.000
1.79900 19.000
1.80100 10.000
1.80300 20.000
1.80500 15.000
1.80700 11.000
1.80900 15.000
1.81100 12.000
1.81300 18.000
1.81500 18.000
1.81700 13.000
1.81900 15.000
1.82100 15.000
1.82300 14.000
1.82500 19.000
1.82700 16.000
1.82900 14.000
1.83100 11.000
1.83300 21.000
1.83500 18.000
1.83700 15.000
1.83900 13.000
1.84100 16.000
1.84300 17.000
1.84500 13.000
1.84700 12.000
1.84900 20.000
1.85100 23.000
1.85300 22.000
1.85500 21.000
1.85700 25.000
1.85900 16.000
1.86100 24.000
1.86300 20.000
1.86500 30.000
1.86700 15.000
1.86900 15.000
1.87100 27.000
1.87300 21.000
1.87500 21.000
1.87700 24.000
1.87900 23.000
1.88100 26.000
1.88300 19.000
1.88500 31.000
1.88700 15.000
1.88900 23.000
1.89100 21.000
1.89300 32.000
1.89500 25.000
1.89700 27.000
1.89900 28.000
1.90100 27.000
1.90300 25.000
1.90500 35.000
1.90700 24.000
1.90900 20.000
1.91100 20.000
1.91300 30.000
1.91500 25.000
1.91700 24.000
1.91900 33.000
1.92100 27.000
1.92300 23.000
1.92500 38.000
1.92700 21.000
1.92900 25.000
1.93100 32.000
1.93300 30.000
1.93500 21.000
1.93700 22.000
1.93900 26.000
1.94100 34.000
1.94300 26.000
1.94500 20.000
1.94700 24.000
1.94900 21.000
1.95100 21.000
1.95300 20.000
1.95500 22.000
1.95700 15.000
1.95900 19.000
1.96100 17.000
1.96300 19.000
1.96500 22.000
1.96700 19.000
1.96900 14.000
1.97100 11.000
1.97300 18.000
1.97500 15.000
1.97700 15.000
1.97900 16.000
1.98100 17.000
1.98300 28.000
1.98500 10.000
1.98700 15.000
1.98900 11.000
1.99100 16.000
1.99300 13.000
1.99500 16.000
1.99700 13.000
1.99900 10.000
2.00100 8.000
2.00300 10.000
2.00500 12.000
2.00700 13.000
2.00900 11.000
2.01100 7.000
2.01300 9.000
2.01500 9.000
2.01700 8.000
2.01900 15.000
2.02100 9.000
2.02300 9.000
2.02500 9.000
2.02700 8.000
2.02900 7.000
2.03100 10.000
2.03300 2.000
2.03500 7.000
2.03700 10.000
2.03900 3.000
2.04100 6.000
2.04300 7.000
2.04500 2.000
2.04700 1.000
2.04900 6.000
2.05100 6.000
2.05300 6.000
2.05500 10.000
2.05700 7.000
2.05900 4.000
2.06100 4.000
2.06300 5.000
2.06500 5.000
2.06700 7.000
2.06900 4.000
2.07100 3.000
2.07300 8.000
2.07500 8.000
2.07700 2.000
2.07900 10.000
2.08100 6.000
2.08300 11.000
2.08500 7.000
2.08700 7.000
2.08900 4.000
2.09100 4.000
2.09300 6.000
2.09500 4.000
2.09700 7.000
2.09900 9.000
2.10100 9.000
2.10300 8.000
2.10500 9.000
2.10700 13.000
2.10900 14.000
2.11100 11.000
2.11300 6.000
2.11500 9.000
2.11700 13.000
2.11900 10.000
2.12100 10.000
2.12300 12.000
2.12500 3.000
2.12700 6.000
2.12900 12.000
2.13100 5.000
2.13300 13.000
2.13500 10.000
2.13700 12.000
2.13900 7.000
2.14100 20.000
2.14300 11.000
2.14500 20.000
2.14700 14.000
2.14900 12.000
2.15100 13.000
2.15300 12.000
2.15500 9.000
2.15700 8.000
2.15900 14.000
2.16100 4.000
2.16300 16.000
2.16500 6.000
2.16700 16.000
2.16900 13.000
2.17100 10.000
2.17300 12.000
2.17500 19.000
2.17700 11.000
2.17900 8.000
2.18100 17.000
2.18300 13.000
2.18500 14.000
2.18700 10.000
2.18900 12.000
2.19100 12.000
2.19300 15.000
2.19500 14.000
2.19700 14.000
2.19900 11.000
2.20100 6.000
2.20300 16.000
2.20500 8.000
2.20700 14.000
2.20900 12.000
2.21100 10.000
2.21300 9.000
2.21500 8.000
2.21700 9.000
2.21900 17.000
2.22100 14.000
2.22300 3.000
2.22500 5.000
2.22700 13.000
2.22900 6.000
2.23100 5.000
2.23300 11.000
2.23500 9.000
2.23700 7.000
2.23900 5.000
2.24100 9.000
2.24300 5.000
2.24500 9.000
2.24700 12.000
2.24900 8.000
2.25100 12.000
2.25300 7.000
2.25500 11.000
2.25700 2.000
2.25900 12.000
2.26100 7.000
2.26300 4.000
2.26500 6.000
2.26700 8.000
2.26900 1.000
2.27100 7.000
2.27300 4.000
2.27500 7.000
2.27700 5.000
2.27900 5.000
2.28100 7.000
2.28300 4.000
2.28500 8.000
2.28700 8.000
2.28900 5.000
2.29100 4.000
2.29300 5.000
2.29500 8.000
2.29700 3.000
2.29900 7.000
2.30100 4.000
2.30300 3.000
2.30500 3.000
2.30700 2.000
2.30900 6.000
2.31100 7.000
2.31300 8.000
2.31500 4.000
2.31700 3.000
2.31900 5.000
2.32100 7.000
2.32300 6.000
2.32500 3.000
2.32700 4.000
2.32900 5.000
2.33100 7.000
2.33300 4.000
2.33500 0.000
2.33700 1.000
2.33900 6.000
2.34100 2.000
2.34300 8.000
2.34500 8.000
2.34700 3.000
2.34900 7.000
2.35100 9.000
2.35300 9.000
2.35500 8.000
2.35700 4.000
2.35900 5.000
2.36100 5.000
2.36300 6.000
2.36500 7.000
2.36700 6.000
2.36900 4.000
2.37100 5.000
2.37300 6.000
2.37500 6.000
2.37700 4.000
2.37900 11.000
2.38100 9.000
2.38300 6.000
2.38500 9.000
2.38700 5.000
2.38900 12.000
2.39100 9.000
2.39300 7.000
2.39500 8.000
2.39700 11.000
2.39900 10.000
2.40100 4.000
2.40300 12.000
2.40500 10.000
2.40700 9.000
2.40900 13.000
2.41100 8.000
2.41300 7.000
2.41500 9.000
2.41700 6.000
2.41900 15.000
2.42100 8.000
2.42300 12.000
2.42500 8.000
2.42700 10.000
2.42900 10.000
2.43100 10.000
2.43300 4.000
2.43500 9.000
2.43700 9.000
2.43900 11.000
2.44100 8.000
2.44300 12.000
2.44500 5.000
2.44700 10.000
2.44900 7.000
2.45100 8.000
2.45300 11.000
2.45500 12.000
2.45700 9.000
2.45900 12.000
2.46100 14.000
2.46300 6.000
2.46500 6.000
2.46700 8.000
2.46900 10.000
2.47100 10.000
2.47300 7.000
2.47500 10.000
2.47700 6.000
2.47900 10.000
2.48100 13.000
2.48300 12.000
2.48500 10.000
2.48700 8.000
2.48900 12.000
2.49100 7.000
2.49300 6.000
2.49500 8.000
2.49700 7.000
2.49900 6.000
2.50100 12.000
2.50300 6.000
2.50500 10.000
2.50700 10.000
2.50900 7.000
2.51100 6.000
2.51300 4.000
2.51500 7.000
2.51700 6.000
2.51900 3.000
2.52100 9.000
2.52300 6.000
2.52500 3.000
2.52700 7.000
2.52900 8.000
2.53100 4.000
2.53300 3.000
2.53500 6.000
2.53700 6.000
2.53900 5.000
2.54100 3.000
2.54300 7.000
2.54500 0.000
2.54700 5.000
2.54900 3.000
2.55100 6.000
2.55300 3.000
2.55500 5.000
2.55700 1.000
2.55900 4.000
2.56100 2.000
2.56300 7.000
2.56500 5.000
2.56700 6.000
2.56900 3.000
2.57100 4.000
2.57300 9.000
2.57500 3.000
2.57700 0.000
2.57900 5.000
2.58100 1.000
2.58300 3.000
2.58500 6.000
2.58700 3.000
2.58900 6.000
2.59100 4.000
2.59300 1.000
2.59500 2.000
2.59700 3.000
2.59900 3.000
2.60100 4.000
2.60300 6.000
2.60500 3.000
2.60700 10.000
2.60900 4.000
2.61100 4.000
2.61300 2.000
2.61500 4.000
2.61700 5.000
2.61900 4.000
2.62100 5.000
2.62300 7.000
2.62500 4.000
2.62700 9.000
2.62900 5.000
2.63100 5.000
2.63300 4.000
2.63500 7.000
2.63700 2.000
2.63900 4.000
2.64100 6.000
2.64300 11.000
2.64500 5.000
2.64700 6.000
2.64900 6.000
2.65100 8.000
2.65300 6.000
2.65500 9.000
2.65700 2.000
2.65900 5.000
2.66100 6.000
2.66300 5.000
2.66500 6.000
2.66700 6.000
2.66900 7.000
2.67100 1.000
2.67300 9.000
2.67500 8.000
2.67700 4.000
2.67900 3.000
2.68100 11.000
2.68300 7.000
2.68500 8.000
2.68700 10.000
2.68900 4.000
2.69100 8.000
2.69300 9.000
2.69500 12.000
2.69700 6.000
2.69900 8.000
2.70100 6.000
2.70300 7.000
2.70500 8.000
2.70700 9.000
2.70900 8.000
2.71100 10.000
2.71300 9.000
2.71500 6.000
2.71700 5.000
2.71900 4.000
2.72100 9.000
2.72300 9.000
2.72500 5.000
2.72700 7.000
2.72900 10.000
2.73100 4.000
2.73300 7.000
2.73500 7.000
2.73700 9.000
2.73900 6.000
2.74100 9.000
2.74300 2.000
2.74500 6.000
2.74700 4.000
2.74900 7.000
2.75100 6.000
2.75300 7.000
2.75500 8.000
2.75700 6.000
2.75900 7.000
2.76100 6.000
2.76300 2.000
2.76500 6.000
2.76700 7.000
2.76900 5.000
2.77100 11.000
2.77300 7.000
2.77500 2.000
2.77700 4.000
2.77900 5.000
2.78100 5.000
2.78300 12.000
2.78500 7.000
2.78700 5.000
2.78900 5.000
2.79100 10.000
2.79300 3.000
2.79500 5.000
2.79700 7.000
2.79900 4.000
2.80100 6.000
2.80300 8.000
2.80500 3.000
2.80700 4.000
2.80900 4.000
2.81100 7.000
2.81300 6.000
2.81500 4.000
2.81700 4.000
2.81900 5.000
2.82100 2.000
2.82300 4.000
2.82500 6.000
2.82700 9.000
2.82900 6.000
2.83100 4.000
2.83300 4.000
2.83500 2.000
2.83700 2.000
2.83900 7.000
2.84100 6.000
2.84300 6.000
2.84500 4.000
2.84700 5.000
2.84900 7.000
2.85100 6.000
2.85300 4.000
2.85500 5.000
2.85700 3.000
2.85900 2.000
2.86100 3.000
2.86300 3.000
2.86500 5.000
2.86700 4.000
2.86900 6.000
2.87100 4.000
2.87300 2.000
2.87500 2.000
2.87700 3.000
2.87900 3.000
2.88100 3.000
2.88300 1.000
2.88500 4.000
2.88700 2.000
2.88900 4.000
2.89100 6.000
2.89300 3.000
2.89500 2.000
2.89700 1.000
2.89900 5.000
2.90100 4.000
2.90300 5.000
2.90500 3.000
2.90700 3.000
2.90900 4.000
2.91100 3.000
2.91300 0.000
2.91500 2.000
2.91700 4.000
2.91900 4.000
2.92100 10.000
2.92300 2.000
2.92500 8.000
2.92700 4.000
2.92900 8.000
2.93100 3.000
2.93300 5.000
2.93500 7.000
2.93700 2.000
2.93900 4.000
2.94100 2.000
2.94300 2.000
2.94500 2.000
2.94700 4.000
2.94900 3.000
2.95100 4.000
2.95300 9.000
2.95500 2.000
2.95700 6.000
2.95900 8.000
2.96100 4.000
2.96300 5.000
2.96500 4.000
2.96700 6.000
2.96900 3.000
2.97100 6.000
2.97300 2.000
2.97500 5.000
2.97700 6.000
2.97900 4.000
2.98100 3.000
2.98300 5.000
2.98500 2.000
2.98700 8.000
2.98900 6.000
2.99100 4.000
2.99300 4.000
2.99500 5.000
2.99700 5.000
2.99900 6.000
3.00100 12.000
3.00300 2.000
3.00500 5.000
3.00700 3.000
3.00900 3.000
3.01100 7.000
3.01300 3.000
3.01500 7.000
3.01700 4.000
3.01900 6.000
3.02100 4.000
3.02300 4.000
3.02500 10.000
3.02700 10.000
3.02900 2.000
3.03100 6.000
3.03300 6.000
3.03500 5.000
3.03700 1.000
3.03900 5.000
3.04100 3.000
3.04300 5.000
3.04500 9.000
3.04700 3.000
3.04900 5.000
3.05100 6.000
3.05300 5.000
3.05500 4.000
3.05700 2.000
3.05900 3.000
3.06100 5.000
3.06300 1.000
3.06500 4.000
3.06700 2.000
3.06900 4.000
3.07100 1.000
3.07300 4.000
3.07500 2.000
3.07700 2.000
3.07900 2.000
3.08100 4.000
3.08300 5.000
3.08500 4.000
3.08700 0.000
3.08900 2.000
3.09100 3.000
3.09300 3.000
3.09500 3.000
3.09700 1.000
3.09900 0.000
3.10100 2.000
3.10300 4.000
3.10500 3.000
3.10700 4.000
3.10900 3.000
3.11100 2.000
3.11300 1.000
3.11500 3.000
3.11700 2.000
3.11900 2.000
3.12100 2.000
3.12300 3.000
3.12500 1.000
3.12700 2.000
3.12900 6.000
3.13100 0.000
3.13300 4.000
3.13500 0.000
3.13700 1.000
3.13900 2.000
3.14100 1.000
3.14300 3.000
3.14500 5.000
3.14700 3.000
3.14900 4.000
3.15100 2.000
3.15300 2.000
3.15500 4.000
3.15700 2.000
3.15900 2.000
3.16100 2.000
3.16300 6.000
3.16500 3.000
3.16700 2.000
3.16900 2.000
3.17100 2.000
3.17300 5.000
3.17500 0.000
3.17700 3.000
3.17900 4.000
3.18100 5.000
3.18300 4.000
3.18500 1.000
3.18700 0.000
3.18900 2.000
3.19100 1.000
3.19300 2.000
3.19500 6.000
3.19700 1.000
3.19900 5.000
3.20100 2.000
3.20300 5.000
3.20500 1.000
3.20700 4.000
3.20900 1.000
3.21100 4.000
3.21300 2.000
3.21500 3.000
3.21700 7.000
3.21900 4.000
3.22100 4.000
3.22300 2.000
3.22500 6.000
3.22700 1.000
3.22900 5.000
3.23100 5.000
3.23300 2.000
3.23500 2.000
3.23700 1.000
3.23900 2.000
3.24100 2.000
3.24300 3.000
3.24500 4.000
3.24700 6.000
3.24900 7.000
3.25100 3.000
3.25300 4.000
3.25500 0.000
3.25700 4.000
3.25900 4.000
3.26100 2.000
3.26300 5.000
3.26500 1.000
3.26700 5.000
3.26900 1.000
3.27100 2.000
3.27300 5.000
3.27500 1.000
3.27700 4.000
3.27900 4.000
3.28100 4.000
3.28300 1.000
3.28500 6.000
3.28700 5.000
3.28900 6.000
3.29100 0.000
3.29300 4.000
3.29500 5.000
3.29700 3.000
3.29900 1.000
3.30100 5.000
3.30300 2.000
3.30500 0.000
3.30700 2.000
3.30900 4.000
3.31100 3.000
3.31300 6.000
3.31500 1.000
3.31700 4.000
3.31900 3.000
3.32100 1.000
3.32300 7.000
3.32500 1.000
3.32700 4.000
3.32900 2.000
3.33100 2.000
3.33300 4.000
3.33500 4.000
3.33700 4.000
3.33900 4.000
3.34100 3.000
3.34300 3.000
3.34500 3.000
3.34700 5.000
3.34900 0.000
3.35100 4.000
3.35300 0.000
3.35500 1.000
3.35700 1.000
3.35900 4.000
3.36100 8.000
3.36300 2.000
3.36500 3.000
3.36700 3.000
3.36900 1.000
3.37100 2.000
3.37300 2.000
3.37500 3.000
3.37700 2.000
3.37900 1.000
3.38100 3.000
3.38300 2.000
3.38500 3.000
3.38700 3.000
3.38900 2.000
3.39100 4.000
3.39300 2.000
3.39500 2.000
3.39700 2.000
3.39900 2.000
3.40100 2.000
3.40300 1.000
3.40500 2.000
3.40700 5.000
3.40900 2.000
3.41100 1.000
3.41300 1.000
3.41500 4.000
3.41700 4.000
3.41900 2.000
3.42100 1.000
3.42300 1.000
3.42500 3.000
3.42700 3.000
3.42900 1.000
3.43100 3.000
3.43300 4.000
3.43500 3.000
3.43700 4.000
3.43900 2.000
3.44100 3.000
3.44300 3.000
3.44500 2.000
3.44700 3.000
3.44900 0.000
3.45100 1.000
3.45300 2.000
3.45500 0.000
3.45700 3.000
3.45900 2.000
3.46100 3.000
3.46300 2.000
3.46500 2.000
3.46700 2.000
3.46900 1.000
3.47100 2.000
3.47300 2.000
3.47500 4.000
3.47700 1.000
3.47900 5.000
3.48100 1.000
3.48300 1.000
3.48500 4.000
3.48700 5.000
3.48900 3.000
3.49100 3.000
3.49300 2.000
3.49500 3.000
3.49700 1.000
3.49900 2.000
3.50100 0.000
3.50300 1.000
3.50500 2.000
3.50700 2.000
3.50900 5.000
3.51100 3.000
3.51300 0.000
3.51500 1.000
3.51700 7.000
3.51900 3.000
3.52100 1.000
3.52300 2.000
3.52500 2.000
3.52700 0.000
3.52900 1.000
3.53100 1.000
3.53300 3.000
3.53500 2.000
3.53700 4.000
3.53900 4.000
3.54100 3.000
3.54300 3.000
3.54500 4.000
3.54700 3.000
3.54900 0.000
3.55100 1.000
3.55300 3.000
3.55500 1.000
3.55700 6.000
3.55900 2.000
3.56100 3.000
3.56300 0.000
3.56500 2.000
3.56700 0.000
3.56900 5.000
3.57100 1.000
3.57300 2.000
3.57500 3.000
3.57700 4.000
3.57900 0.000
3.58100 2.000
3.58300 4.000
3.58500 2.000
3.58700 3.000
3.58900 3.000
3.59100 3.000
3.59300 1.000
3.59500 2.000
3.59700 4.000
3.59900 0.000
3.60100 1.000
3.60300 2.000
3.60500 4.000
3.60700 2.000
3.60900 1.000
3.61100 4.000
3.61300 3.000
3.61500 2.000
3.61700 7.000
3.61900 3.000
3.62100 4.000
3.62300 2.000
3.62500 3.000
3.62700 1.000
3.62900 2.000
3.63100 2.000
3.63300 5.000
3.63500 0.000
3.63700 0.000
3.63900 1.000
3.64100 1.000
3.64300 4.000
3.64500 2.000
3.64700 8.000
3.64900 1.000
3.65100 1.000
3.65300 0.000
3.65500 1.000
3.65700 2.000
3.65900 2.000
3.66100 1.000
3.66300 1.000
3.66500 4.000
3.66700 0.000
3.66900 2.000
3.67100 4.000
3.67300 1.000
3.67500 4.000
3.67700 4.000
3.67900 0.000
3.68100 2.000
3.68300 5.000
3.68500 2.000
3.68700 1.000
3.68900 2.000
3.69100 2.000
3.69300 0.000
3.69500 2.000
3.69700 5.000
3.69900 1.000
3.70100 0.000
3.70300 2.000
3.70500 3.000
3.70700 1.000
3.70900 2.000
3.71100 2.000
3.71300 0.000
3.71500 0.000
3.71700 0.000
3.71900 1.000
3.72100 4.000
3.72300 3.000
3.72500 0.000
3.72700 2.000
3.72900 0.000
3.73100 2.000
3.73300 0.000
3.73500 0.000
3.73700 1.000
3.73900 1.000
3.74100 0.000
3.74300 1.000
3.74500 0.000
3.74700 2.000
3.74900 1.000
3.75100 0.000
3.75300 1.000
3.75500 0.000
3.75700 0.000
3.75900 1.000
3.76100 0.000
3.76300 3.000
3.76500 1.000
3.76700 1.000
3.76900 3.000
3.77100 0.000
3.77300 1.000
3.77500 0.000
3.77700 1.000
3.77900 0.000
3.78100 3.000
3.78300 1.000
3.78500 2.000
3.78700 0.000
3.78900 3.000
3.79100 1.000
3.79300 2.000
3.79500 5.000
3.79700 0.000
3.79900 1.000
3.80100 3.000
3.80300 2.000
3.80500 4.000
3.80700 1.000
3.80900 1.000
3.81100 2.000
3.81300 1.000
3.81500 4.000
3.81700 3.000
3.81900 2.000
3.82100 2.000
3.82300 0.000
3.82500 2.000
3.82700 1.000
3.82900 1.000
3.83100 4.000
3.83300 2.000
3.83500 2.000
3.83700 1.000
3.83900 1.000
3.84100 0.000
3.84300 2.000
3.84500 1.000
3.84700 4.000
3.84900 3.000
3.85100 1.000
3.85300 2.000
3.85500 1.000
3.85700 3.000
3.85900 1.000
3.86100 2.000
3.86300 2.000
3.86500 1.000
3.86700 0.000
3.86900 3.000
3.87100 3.000
3.87300 1.000
3.87500 2.000
3.87700 2.000
3.87900 2.000
3.88100 3.000
3.88300 1.000
3.88500 2.000
3.88700 0.000
3.88900 3.000
3.89100 1.000
3.89300 4.000
3.89500 5.000
3.89700 3.000
3.89900 1.000
3.90100 1.000
3.90300 3.000
3.90500 3.000
3.90700 1.000
3.90900 2.000
3.91100 1.000
3.91300 6.000
3.91500 1.000
3.91700 3.000
3.91900 2.000
3.92100 2.000
3.92300 2.000
3.92500 0.000
3.92700 2.000
3.92900 1.000
3.93100 1.000
3.93300 2.000
3.93500 1.000
3.93700 0.000
3.93900 2.000
3.94100 3.000
3.94300 1.000
3.94500 2.000
3.94700 1.000
3.94900 4.000
3.95100 1.000
3.95300 2.000
3.95500 1.000
3.95700 1.000
3.95900 1.000
3.96100 3.000
3.96300 1.000
3.96500 2.000
3.96700 1.000
3.96900 0.000
3.97100 1.000
3.97300 0.000
3.97500 4.000
3.97700 2.000
3.97900 1.000
3.98100 4.000
3.98300 2.000
3.98500 1.000
3.98700 2.000
3.98900 5.000
3.99100 3.000
3.99300 2.000
3.99500 0.000
3.99700 3.000
